POS,Type,REF
1,sequence,G
2,sequence,C
3,sequence,T
4,sequence,G
5,sequence,A
6,sequence,C
7,sequence,A
8,sequence,C
9,sequence,G
10,sequence,C
11,sequence,T
12,sequence,G
13,sequence,T
14,sequence,C
15,sequence,C
16,sequence,T
17,sequence,C
18,sequence,T
19,sequence,G
20,sequence,G
21,sequence,C
22,sequence,G
23,sequence,A
24,sequence,C
25,sequence,C
26,sequence,T
27,sequence,G
28,sequence,T
29,sequence,C
30,sequence,G
31,sequence,T
32,sequence,C
33,sequence,G
34,sequence,G
35,sequence,A
36,sequence,G
37,sequence,A
38,sequence,G
39,sequence,G
40,sequence,T
41,sequence,T
42,sequence,G
43,sequence,G
44,sequence,G
45,sequence,C
46,sequence,C
47,sequence,T
48,sequence,C
49,sequence,C
50,sequence,G
51,sequence,G
52,sequence,A
53,sequence,T
54,sequence,G
55,sequence,C
56,sequence,G
57,sequence,C
58,sequence,G
59,sequence,C
60,sequence,G
61,sequence,G
62,sequence,G
63,sequence,G
64,sequence,C
65,sequence,T
66,sequence,C
67,sequence,T
68,sequence,G
69,sequence,G
70,sequence,C
71,sequence,C
72,sequence,T
73,sequence,A
74,sequence,C
75,sequence,C
76,sequence,G
77,sequence,G
78,sequence,T
79,sequence,G
80,sequence,AC
81,sequence,C
82,sequence,C
83,sequence,G
84,sequence,G
85,sequence,C
86,sequence,T
87,sequence,A
88,sequence,G
89,sequence,C
90,sequence,C
91,sequence,G
92,sequence,G
93,sequence,C
94,sequence,C
95,sequence,G
96,sequence,C
97,sequence,G
98,sequence,C
99,sequence,T
100,sequence,C
101,sequence,C
102,sequence,T
103,sequence,G
104,sequence,0
105,sequence,C
106,sequence,T
107,sequence,T
108,sequence,G
109,sequence,A
110,sequence,G
111,sequence,C
112,sequence,C
113,sequence,G
114,sequence,C
115,sequence,C
116,sequence,T
117,sequence,G
118,sequence,C
119,sequence,C
120,sequence,G
121,sequence,G
122,sequence,G
123,sequence,G
124,sequence,C
125,sequence,C
126,sequence,C
127,sequence,G
128,sequence,C
129,sequence,G
130,sequence,G
131,sequence,G
132,sequence,C
133,sequence,C
134,sequence,T
135,sequence,G
136,sequence,C
137,sequence,T
138,sequence,G
139,sequence,T
140,sequence,T
141,sequence,C
142,sequence,T
143,sequence,C
144,sequence,T
145,sequence,C
146,sequence,G
147,sequence,C
148,sequence,G
149,sequence,C
150,sequence,G
151,sequence,T
152,sequence,C
153,sequence,C
154,sequence,G
155,sequence,A
156,sequence,G
157,sequence,C
158,sequence,G
159,sequence,T
160,sequence,C
161,sequence,C
162,sequence,C
163,sequence,G
164,sequence,A
165,sequence,C
166,sequence,T
167,sequence,C
168,sequence,C
169,sequence,C
170,sequence,G
171,sequence,G
172,sequence,T
173,sequence,G
174,sequence,C
175,sequence,C
176,sequence,G
177,sequence,G
178,sequence,C
179,sequence,C
180,sequence,C
181,sequence,G
182,sequence,G
183,sequence,G
184,sequence,T
185,sequence,C
186,sequence,C
187,sequence,G
188,sequence,G
189,sequence,G
190,sequence,T
191,sequence,C
192,sequence,T
193,sequence,C
194,sequence,T
195,sequence,G
196,sequence,A
197,sequence,C
198,sequence,C
199,sequence,C
200,sequence,A
201,sequence,C
202,sequence,C
203,sequence,C
204,sequence,G
205,sequence,G
206,sequence,G
207,sequence,G
208,sequence,G
209,sequence,C
210,sequence,G
211,sequence,G
212,sequence,C
213,sequence,G
214,sequence,G
215,sequence,G
216,sequence,G
217,sequence,A
218,sequence,A
219,sequence,G
220,sequence,G
221,sequence,C
222,sequence,G
223,sequence,G
224,sequence,C
225,sequence,G
226,sequence,A
227,sequence,G
228,sequence,G
229,sequence,G
230,sequence,C
231,sequence,C
232,sequence,A
233,sequence,C
234,sequence,C
235,sequence,G
236,sequence,T
237,sequence,GC
238,sequence,C
239,sequence,C
240,sequence,C
241,sequence,C
242,sequence,G
243,sequence,T
244,sequence,G
245,sequence,C
246,sequence,G
247,sequence,C
248,sequence,T
249,sequence,C
250,sequence,T
251,sequence,C
252,sequence,C
253,sequence,G
254,sequence,C
255,sequence,T
256,sequence,G
257,sequence,C
258,sequence,G
259,sequence,G
260,sequence,G
261,sequence,C
262,sequence,G
263,sequence,C
264,sequence,C
265,sequence,C
266,sequence,G
267,sequence,G
268,sequence,G
269,sequence,G
270,sequence,CG
271,sequence,G
272,sequence,C
273,sequence,C
274,sequence,G
275,sequence,CG
276,sequence,A
277,sequence,C
278,sequence,A
279,sequence,A
280,sequence,C
281,sequence,C
282,sequence,C
283,sequence,C
284,sequence,AC
285,sequence,C
286,sequence,C
287,sequence,C
288,sequence,G
289,sequence,C
290,sequence,T
291,sequence,G
292,sequence,G
293,sequence,C
294,sequence,T
295,sequence,C
296,sequence,C
297,sequence,G
298,sequence,T
299,sequence,G
300,sequence,C
301,sequence,C
302,sequence,G
303,sequence,T
304,sequence,G
305,sequence,C
306,sequence,G
307,sequence,T
308,sequence,G
309,sequence,T
310,sequence,C
311,sequence,A
312,sequence,G
313,sequence,G
314,sequence,C
315,sequence,G
316,sequence,T
317,sequence,T
318,sequence,C
319,sequence,T
320,sequence,C
321,sequence,G
322,sequence,T
323,sequence,C
324,sequence,T
325,sequence,C
326,sequence,C
327,sequence,G
328,sequence,C
329,sequence,G
330,sequence,G
331,sequence,G
332,sequence,G
333,sequence,T
334,sequence,T
335,sequence,G
336,sequence,T
337,sequence,C
338,sequence,C
339,sequence,G
340,sequence,C
341,sequence,C
342,sequence,G
343,sequence,C
344,sequence,C
345,sequence,C
346,sequence,C
347,sequence,T
348,sequence,T
349,sequence,C
350,sequence,C
351,sequence,C
352,sequence,C
353,sequence,G
354,sequence,G
355,sequence,A
356,sequence,G
357,sequence,T
358,sequence,G
359,sequence,G
360,sequence,G
361,sequence,G
362,sequence,G
363,sequence,GT
364,sequence,T
365,sequence,G
366,sequence,G
367,sequence,C
368,sequence,C
369,sequence,G
370,sequence,G
371,sequence,A
372,sequence,G
373,sequence,C
374,sequence,C
375,sequence,G
376,sequence,A
377,sequence,T
378,sequence,C
379,sequence,G
380,sequence,G
381,sequence,C
382,sequence,T
383,sequence,C
384,sequence,G
385,sequence,C
386,sequence,TGGCC
387,sequence,G
388,sequence,G
389,sequence,C
390,sequence,C
391,sequence,G
392,sequence,G
393,sequence,C
394,sequence,C
395,sequence,G
396,sequence,G
397,sequence,C
398,sequence,C
399,sequence,T
400,sequence,C
401,sequence,C
402,sequence,G
403,sequence,C
404,sequence,T
405,sequence,C
406,sequence,C
407,sequence,C
408,sequence,G
409,sequence,G
410,sequence,G
411,sequence,G
412,sequence,G
413,sequence,G
414,sequence,C
415,sequence,T
416,sequence,C
417,sequence,T
418,sequence,T
419,sequence,CGT
420,sequence,G
421,sequence,A
422,sequence,T
423,sequence,C
424,sequence,G
425,sequence,A
426,sequence,T
427,sequence,G
428,sequence,T
429,sequence,G
430,sequence,G
431,sequence,T
432,sequence,G
433,sequence,A
434,sequence,C
435,sequence,G
436,sequence,T
437,sequence,C
438,sequence,G
439,sequence,T
440,sequence,G
441,sequence,C
442,sequence,T
443,sequence,C
444,sequence,T
445,sequence,C
446,sequence,C
447,sequence,C
448,sequence,G
449,sequence,G
450,sequence,G
451,sequence,C
452,sequence,C
453,sequence,G
454,sequence,G
455,sequence,G
456,sequence,T
457,sequence,C
458,sequence,C
459,sequence,G
460,sequence,A
461,sequence,G
462,sequence,C
463,sequence,C
464,sequence,G
465,sequence,C
466,sequence,G
467,sequence,A
468,sequence,C
469,sequence,G
470,sequence,G
471,sequence,G
472,sequence,C
473,sequence,G
474,sequence,A
475,sequence,G
476,sequence,G
477,sequence,G
478,sequence,G
479,sequence,C
480,sequence,G
481,sequence,G
482,sequence,A
483,sequence,C
484,sequence,G
485,sequence,T
486,sequence,T
487,sequence,C
488,sequence,G
489,sequence,T
490,sequence,G
491,sequence,G
492,sequence,C
493,sequence,G
494,sequence,A
495,sequence,A
496,sequence,C
497,sequence,G
498,sequence,G
499,sequence,G
500,sequence,A
501,sequence,C
502,sequence,C
503,sequence,G
504,sequence,T
505,sequence,C
506,sequence,C
507,sequence,T
508,sequence,T
509,sequence,C
510,sequence,T
511,sequence,C
512,sequence,G
513,sequence,C
514,sequence,T
515,sequence,C
516,sequence,C
517,sequence,GC
518,sequence,C
519,sequence,C
520,sequence,C
521,sequence,G
522,sequence,CG
523,sequence,G
524,sequence,G
525,sequence,G
526,sequence,G
527,sequence,T
528,sequence,C
529,sequence,C
530,sequence,C
531,sequence,C
532,sequence,T
533,sequence,C
534,sequence,G
535,sequence,T
536,sequence,C
537,sequence,T
538,sequence,0
539,sequence,C
540,sequence,T
541,sequence,C
542,sequence,C
543,sequence,T
544,sequence,C
545,sequence,T
546,sequence,C
547,sequence,C
548,sequence,C
549,sequence,C
550,sequence,G
551,sequence,C
552,sequence,C
553,sequence,C
554,sequence,G
555,sequence,C
556,sequence,C
557,sequence,G
558,sequence,G
559,sequence,C
560,sequence,G
561,sequence,GT
562,sequence,G
563,sequence,C
564,sequence,G
565,sequence,T
566,sequence,G
567,sequence,T
568,sequence,G
569,sequence,G
570,sequence,G
571,sequence,A
572,sequence,A
573,sequence,G
574,sequence,G
575,sequence,C
576,sequence,G
577,sequence,T
578,sequence,G
579,sequence,G
580,sequence,G
581,sequence,G
582,sequence,T
583,sequence,G
584,sequence,C
585,sequence,G
586,sequence,G
587,sequence,A
588,sequence,C
589,sequence,C
590,sequence,C
591,sequence,C
592,sequence,G
593,sequence,G
594,sequence,C
595,sequence,C
596,sequence,C
597,sequence,G
598,sequence,A
599,sequence,C
600,sequence,C
601,sequence,T
602,sequence,C
603,sequence,G
604,sequence,C
605,sequence,C
606,sequence,G
607,sequence,T
608,sequence,C
609,sequence,C
610,sequence,C
611,sequence,G
612,sequence,C
613,sequence,C
614,sequence,C
615,sequence,G
616,sequence,C
617,sequence,C
618,sequence,G
619,sequence,C
620,sequence,C
621,sequence,T
622,sequence,T
623,sequence,CT
624,sequence,G
625,sequence,C
626,sequence,G
627,sequence,T
628,sequence,C
629,sequence,G
630,sequence,C
631,sequence,G
632,sequence,G
633,sequence,G
634,sequence,T
635,sequence,G
636,sequence,C
637,sequence,G
638,sequence,G
639,sequence,G
640,sequence,C
641,sequence,C
642,sequence,G
643,sequence,G
644,sequence,C
645,sequence,G
646,sequence,G
647,sequence,G
648,sequence,G
649,sequence,T
650,sequence,C
651,sequence,C
652,sequence,T
653,sequence,C
654,sequence,T
655,sequence,G
656,sequence,A
657,sequence,C
658,sequence,G
659,sequence,C
660,sequence,G
661,sequence,G
662,sequence,C
663,sequence,A
664,sequence,G
665,sequence,A
666,sequence,C
667,sequence,A
668,sequence,G
669,sequence,C
670,sequence,C
671,sequence,C
672,sequence,T
673,sequence,C
674,sequence,G
675,sequence,C
676,sequence,T
677,sequence,G
678,sequence,T
679,sequence,C
680,sequence,G
681,sequence,C
682,sequence,C
683,sequence,T
684,sequence,C
685,sequence,C
686,sequence,A
687,sequence,G
688,sequence,T
689,sequence,G
690,sequence,G
691,sequence,T
692,sequence,T
693,sequence,G
694,sequence,T
695,sequence,C
696,sequence,G
697,sequence,A
698,sequence,C
699,sequence,T
700,sequence,T
701,sequence,G
702,sequence,C
703,sequence,G
704,sequence,G
705,sequence,G
706,sequence,C
707,sequence,G
708,sequence,G
709,sequence,C
710,sequence,C
711,sequence,C
712,sequence,C
713,sequence,C
714,sequence,C
715,sequence,T
716,sequence,C
717,sequence,C
718,sequence,G
719,sequence,C
720,sequence,G
721,sequence,G
722,sequence,C
723,sequence,G
724,sequence,G
725,sequence,T
726,sequence,G
727,sequence,G
728,sequence,G
729,sequence,G
730,sequence,G
731,sequence,T
732,sequence,G
733,sequence,C
734,sequence,C
735,sequence,G
736,sequence,T
737,sequence,C
738,sequence,C
739,sequence,C
740,sequence,G
741,sequence,C
742,sequence,C
743,sequence,G
744,sequence,G
745,sequence,C
746,sequence,C
747,sequence,C
748,sequence,G
749,sequence,T
750,sequence,C
751,sequence,G
752,sequence,T
753,sequence,G
754,sequence,C
755,sequence,T
756,sequence,G
757,sequence,C
758,sequence,C
759,sequence,C
760,sequence,T
761,sequence,C
762,sequence,T
763,sequence,C
764,sequence,0
765,sequence,0
766,sequence,G
767,sequence,G
768,sequence,G
769,sequence,G
770,sequence,G
771,sequence,G
772,sequence,T
773,sequence,T
774,sequence,T
775,sequence,G
776,sequence,C
777,sequence,G
778,sequence,C
779,sequence,G
780,sequence,A
781,sequence,G
782,sequence,C
783,sequence,G
784,sequence,T
785,sequence,C
786,sequence,G
787,sequence,G
788,sequence,C
789,sequence,T
790,sequence,C
791,sequence,C
792,sequence,G
793,sequence,C
794,sequence,C
795,sequence,T
796,sequence,G
797,sequence,G
798,sequence,G
799,sequence,C
800,sequence,C
801,sequence,C
802,sequence,T
803,sequence,T
804,sequence,G
805,sequence,C
806,sequence,G
807,sequence,G
808,sequence,T
809,sequence,G
810,sequence,C
811,sequence,T
812,sequence,C
813,sequence,C
814,sequence,T
815,sequence,G
816,sequence,G
817,sequence,A
818,sequence,G
819,sequence,C
820,sequence,G
821,sequence,C
822,sequence,T
823,sequence,C
824,sequence,C
825,sequence,G
826,sequence,G
827,sequence,G
828,sequence,T
829,sequence,T
830,sequence,G
831,sequence,T
832,sequence,C
833,sequence,C
834,sequence,C
835,sequence,T
836,sequence,C
837,sequence,A
838,sequence,G
839,sequence,G
840,sequence,T
841,sequence,G
842,sequence,C
843,sequence,C
844,sequence,C
845,sequence,G
846,sequence,A
847,sequence,G
848,sequence,G
849,sequence,C
850,sequence,C
851,sequence,G
852,sequence,A
853,sequence,A
854,sequence,C
855,sequence,G
856,sequence,G
857,sequence,T
858,sequence,G
859,sequence,G
860,sequence,T
861,sequence,G
862,sequence,T
863,sequence,G
864,sequence,T
865,sequence,C
866,sequence,G
867,sequence,T
868,sequence,T
869,sequence,C
870,sequence,C
871,sequence,C
872,sequence,G
873,sequence,C
874,sequence,C
875,sequence,C
876,sequence,C
877,sequence,C
878,sequence,G
879,sequence,G
880,sequence,C
881,sequence,G
882,sequence,C
883,sequence,C
884,sequence,C
885,sequence,C
886,sequence,C
887,sequence,T
888,sequence,C
889,sequence,C
890,sequence,T
891,sequence,C
892,sequence,C
893,sequence,G
894,sequence,G
895,sequence,T
896,sequence,C
897,sequence,G
898,sequence,C
899,sequence,C
900,sequence,G
901,sequence,C
902,sequence,C
903,sequence,G
904,sequence,C
905,sequence,G
906,sequence,G
907,sequence,T
908,sequence,G
909,sequence,T
910,sequence,C
911,sequence,C
912,sequence,G
913,sequence,C
914,sequence,G
915,sequence,C
916,sequence,G
917,sequence,T
918,sequence,G
919,sequence,G
920,sequence,G
921,sequence,T
922,sequence,C
923,sequence,C
924,sequence,T
925,sequence,G
926,sequence,A
927,sequence,G
928,sequence,G
929,sequence,G
930,sequence,A
931,sequence,G
932,sequence,C
933,sequence,T
934,sequence,C
935,sequence,G
936,sequence,T
937,sequence,C
938,sequence,G
939,sequence,G
940,sequence,T
941,sequence,G
942,sequence,T
943,sequence,G
944,sequence,G
945,sequence,G
946,sequence,G
947,sequence,T
948,sequence,T
949,sequence,C
950,sequence,G
951,sequence,A
952,sequence,G
953,sequence,G
954,sequence,C
955,sequence,G
956,sequence,G
957,sequence,T
958,sequence,T
959,sequence,T
960,sequence,G
961,sequence,A
962,sequence,G
963,sequence,T
964,sequence,G
965,sequence,A
966,sequence,G
967,sequence,A
968,sequence,C
969,sequence,G
970,sequence,A
971,sequence,G
972,sequence,A
973,sequence,C
974,sequence,G
975,sequence,A
976,sequence,G
977,sequence,A
978,sequence,C
979,sequence,G
980,sequence,C
981,sequence,G
982,sequence,C
983,sequence,C
984,sequence,C
985,sequence,C
986,sequence,T
987,sequence,C
988,sequence,C
989,sequence,C
990,sequence,A
991,sequence,C
992,sequence,G
993,sequence,C
994,sequence,G
995,sequence,G
996,sequence,G
997,sequence,G
998,sequence,A
999,sequence,A
1000,sequence,G
1001,sequence,G
1002,sequence,G
1003,sequence,C
1004,sequence,G
1005,sequence,C
1006,sequence,C
1007,sequence,C
1008,sequence,G
1009,sequence,C
1010,sequence,C
1011,sequence,T
1012,sequence,G
1013,sequence,C
1014,sequence,T
1015,sequence,C
1016,sequence,T
1017,sequence,C
1018,sequence,G
1019,sequence,G
1020,sequence,T
1021,sequence,G
1022,sequence,A
1023,sequence,G
1024,sequence,C
1025,sequence,G
1026,sequence,C
1027,sequence,A
1028,sequence,C
1029,sequence,G
1030,sequence,T
1031,sequence,C
1032,sequence,C
1033,sequence,C
1034,sequence,G
1035,sequence,T
1036,sequence,G
1037,sequence,C
1038,sequence,T
1039,sequence,C
1040,sequence,C
1041,sequence,C
1042,sequence,C
1043,sequence,T
1044,sequence,C
1045,sequence,T
1046,sequence,G
1047,sequence,G
1048,sequence,C
1049,sequence,G
1050,sequence,G
1051,sequence,G
1052,sequence,T
1053,sequence,G
1054,sequence,C
1055,sequence,G
1056,sequence,C
1057,sequence,G
1058,sequence,C
1059,sequence,G
1060,sequence,G
1061,sequence,G
1062,sequence,C
1063,sequence,C
1064,sequence,G
1065,sequence,T
1066,sequence,G
1067,sequence,T
1068,sequence,G
1069,sequence,A
1070,sequence,G
1071,sequence,C
1072,sequence,G
1073,sequence,A
1074,sequence,T
1075,sequence,C
1076,sequence,G
1077,sequence,C
1078,sequence,G
1079,sequence,G
1080,sequence,T
1081,sequence,G
1082,sequence,G
1083,sequence,G
1084,sequence,T
1085,sequence,T
1086,sequence,C
1087,sequence,G
1088,sequence,G
1089,sequence,G
1090,sequence,C
1091,sequence,C
1092,sequence,G
1093,sequence,G
1094,sequence,T
1095,sequence,G
1096,sequence,T
1097,sequence,G
1098,sequence,A
1099,sequence,C
1100,sequence,G
1101,sequence,C
1102,sequence,G
1103,sequence,T
1104,sequence,G
1105,sequence,C
1106,sequence,G
1107,sequence,C
1108,sequence,C
1109,sequence,G
1110,sequence,G
1111,sequence,C
1112,sequence,C
1113,sequence,G
1114,sequence,G
1115,sequence,C
1116,sequence,C
1117,sequence,G
1118,sequence,C
1119,sequence,C
1120,sequence,G
1121,sequence,A
1122,sequence,G
1123,sequence,G
1124,sequence,G
1125,sequence,G
1126,sequence,C
1127,sequence,T
1128,sequence,G
1129,sequence,C
1130,sequence,C
1131,sequence,G
1132,sequence,T
1133,sequence,T
1134,sequence,C
1135,sequence,T
1136,sequence,G
1137,sequence,C
1138,sequence,C
1139,sequence,T
1140,sequence,C
1141,sequence,C
1142,sequence,G
1143,sequence,A
1144,sequence,C
1145,sequence,C
1146,sequence,G
1147,sequence,G
1148,sequence,T
1149,sequence,C
1150,sequence,G
1151,sequence,T
1152,sequence,G
1153,sequence,T
1154,sequence,G
1155,sequence,T
1156,sequence,G
1157,sequence,G
1158,sequence,G
1159,sequence,T
1160,sequence,T
1161,sequence,G
1162,sequence,A
1163,sequence,C
1164,sequence,T
1165,sequence,T
1166,sequence,C
1167,sequence,G
1168,sequence,G
1169,sequence,A
1170,sequence,G
1171,sequence,G
1172,sequence,C
1173,sequence,G
1174,sequence,C
1175,sequence,T
1176,sequence,C
1177,sequence,T
1178,sequence,G
1179,sequence,C
1180,sequence,C
1181,sequence,T
1182,sequence,C
1183,sequence,G
1184,sequence,G
1185,sequence,A
1186,sequence,A
1187,sequence,G
1188,sequence,G
1189,sequence,A
1190,sequence,A
1191,sequence,G
1192,sequence,G
1193,sequence,A
1194,sequence,G
1195,sequence,G
1196,sequence,T
1197,sequence,G
1198,sequence,G
1199,sequence,G
1200,sequence,T
1201,sequence,G
1202,sequence,G
1203,sequence,A
1204,sequence,C
1205,sequence,G
1206,sequence,G
1207,sequence,G
1208,sequence,G
1209,sequence,G
1210,sequence,G
1211,sequence,G
1212,sequence,C
1213,sequence,C
1214,sequence,T
1215,sequence,G
1216,sequence,G
1217,sequence,T
1218,sequence,G
1219,sequence,G
1220,sequence,G
1221,sequence,G
1222,sequence,T
1223,sequence,T
1224,sequence,G
1225,sequence,C
1226,sequence,G
1227,sequence,C
1228,sequence,G
1229,sequence,C
1230,sequence,A
1231,sequence,C
1232,sequence,G
1233,sequence,C
1234,sequence,G
1235,sequence,C
1236,sequence,G
1237,sequence,C
1238,sequence,A
1239,sequence,C
1240,sequence,C
1241,sequence,G
1242,sequence,G
1243,sequence,C
1244,sequence,C
1245,sequence,G
1246,sequence,G
1247,sequence,G
1248,sequence,C
1249,sequence,C
1250,sequence,C
1251,sequence,C
1252,sequence,C
1253,sequence,G
1254,sequence,C
1255,sequence,C
1256,sequence,C
1257,sequence,T
1258,sequence,G
1259,sequence,A
1260,sequence,A
1261,sequence,C
1262,sequence,G
1263,sequence,C
1264,sequence,G
1265,sequence,A
1266,sequence,A
1267,sequence,C
1268,sequence,G
1269,sequence,C
1270,sequence,T
1271,sequence,C
1272,sequence,G
1273,sequence,A
1274,sequence,G
1275,sequence,G
1276,sequence,T
1277,sequence,G
1278,sequence,G
1279,sequence,C
1280,sequence,C
1281,sequence,G
1282,sequence,C
1283,sequence,G
1284,sequence,C
1285,sequence,G
1286,sequence,C
1287,sequence,A
1288,sequence,G
1289,sequence,G
1290,sequence,T
1291,sequence,G
1292,sequence,T
1293,sequence,T
1294,sequence,T
1295,sequence,C
1296,sequence,C
1297,sequence,T
1298,sequence,C
1299,sequence,G
1300,sequence,T
1301,sequence,A
1302,sequence,C
1303,sequence,C
1304,sequence,G
1305,sequence,C
1306,sequence,A
1307,sequence,G
1308,sequence,G
1309,sequence,G
1310,sequence,C
1311,sequence,C
1312,sequence,C
1313,sequence,C
1314,sequence,C
1315,sequence,T
1316,sequence,C
1317,sequence,C
1318,sequence,C
1319,sequence,T
1320,sequence,T
1321,sequence,C
1322,sequence,C
1323,sequence,C
1324,sequence,C
1325,sequence,A
1326,sequence,G
1327,sequence,G
1328,sequence,C
1329,sequence,G
1330,sequence,T
1331,sequence,C
1332,sequence,C
1333,sequence,C
1334,sequence,T
1335,sequence,C
1336,sequence,G
1337,sequence,G
1338,sequence,C
1339,sequence,G
1340,sequence,C
1341,sequence,C
1342,sequence,T
1343,sequence,C
1344,sequence,T
1345,sequence,G
1346,sequence,C
1347,sequence,G
1348,sequence,G
1349,sequence,G
1350,sequence,C
1351,sequence,C
1352,sequence,C
1353,sequence,G
1354,sequence,A
1355,sequence,G
1356,sequence,G
1357,sequence,A
1358,sequence,G
1359,sequence,G
1360,sequence,A
1361,sequence,G
1362,sequence,C
1363,sequence,G
1364,sequence,G
1365,sequence,C
1366,sequence,T
1367,sequence,G
1368,sequence,G
1369,sequence,C
1370,sequence,G
1371,sequence,G
1372,sequence,G
1373,sequence,T
1374,sequence,G
1375,sequence,G
1376,sequence,G
1377,sequence,G
1378,sequence,G
1379,sequence,G
1380,sequence,A
1381,sequence,G
1382,sequence,T
1383,sequence,G
1384,sequence,T
1385,sequence,G
1386,sequence,A
1387,sequence,C
1388,sequence,C
1389,sequence,C
1390,sequence,A
1391,sequence,C
1392,sequence,C
1393,sequence,C
1394,sequence,T
1395,sequence,C
1396,sequence,G
1397,sequence,G
1398,sequence,T
1399,sequence,G
1400,sequence,A
1401,sequence,G
1402,sequence,A
1403,sequence,A
1404,sequence,A
1405,sequence,A
1406,sequence,G
1407,sequence,C
1408,sequence,C
1409,sequence,T
1410,sequence,T
1411,sequence,C
1412,sequence,T
1413,sequence,C
1414,sequence,T
1415,sequence,A
1416,sequence,G
1417,sequence,C
1418,sequence,G
1419,sequence,A
1420,sequence,T
1421,sequence,C
1422,sequence,T
1423,sequence,G
1424,sequence,A
1425,sequence,G
1426,sequence,A
1427,sequence,G
1428,sequence,G
1429,sequence,C
1430,sequence,G
1431,sequence,T
1432,sequence,G
1433,sequence,C
1434,sequence,C
1435,sequence,T
1436,sequence,T
1437,sequence,G
1438,sequence,G
1439,sequence,G
1440,sequence,G
1441,sequence,G
1442,sequence,T
1443,sequence,A
1444,sequence,C
1445,sequence,C
1446,sequence,G
1447,sequence,G
1448,sequence,A
1449,sequence,T
1450,sequence,C
1451,sequence,C
1452,sequence,C
1453,sequence,C
1454,sequence,C
1455,sequence,G
1456,sequence,G
1457,sequence,G
1458,sequence,C
1459,sequence,C
1460,sequence,G
1461,sequence,C
1462,sequence,C
1463,sequence,G
1464,sequence,C
1465,sequence,C
1466,sequence,T
1467,sequence,C
1468,sequence,T
1469,sequence,G
1470,sequence,T
1471,sequence,C
1472,sequence,T
1473,sequence,C
1474,sequence,T
1475,sequence,G
1476,sequence,C
1477,sequence,C
1478,sequence,T
1479,sequence,C
1480,sequence,C
1481,sequence,G
1482,sequence,T
1483,sequence,T
1484,sequence,A
1485,sequence,T
1486,sequence,G
1487,sequence,G
1488,sequence,T
1489,sequence,A
1490,sequence,G
1491,sequence,C
1492,sequence,G
1493,sequence,C
1494,sequence,T
1495,sequence,G
1496,sequence,C
1497,sequence,C
1498,sequence,G
1499,sequence,T
1500,sequence,A
1501,sequence,G
1502,sequence,C
1503,sequence,G
1504,sequence,A
1505,sequence,C
1506,sequence,C
1507,sequence,C
1508,sequence,G
1509,sequence,C
1510,sequence,T
1511,sequence,C
1512,sequence,G
1513,sequence,C
1514,sequence,A
1515,sequence,G
1516,sequence,A
1517,sequence,G
1518,sequence,G
1519,sequence,A
1520,sequence,C
1521,sequence,C
1522,sequence,C
1523,sequence,T
1524,sequence,C
1525,sequence,C
1526,sequence,T
1527,sequence,C
1528,sequence,C
1529,sequence,G
1530,sequence,C
1531,sequence,T
1532,sequence,T
1533,sequence,C
1534,sequence,C
1535,sequence,C
1536,sequence,C
1537,sequence,C
1538,sequence,T
1539,sequence,C
1540,sequence,G
1541,sequence,A
1542,sequence,C
1543,sequence,G
1544,sequence,G
1545,sequence,G
1546,sequence,G
1547,sequence,T
1548,sequence,T
1549,sequence,G
1550,sequence,G
1551,sequence,G
1552,sequence,G
1553,sequence,G
1554,sequence,G
1555,sequence,G
1556,sequence,A
1557,sequence,G
1558,sequence,A
1559,sequence,A
1560,sequence,G
1561,sequence,C
1562,sequence,G
1563,sequence,A
1564,sequence,G
1565,sequence,G
1566,sequence,G
1567,sequence,T
1568,sequence,T
1569,sequence,C
1570,sequence,C
1571,sequence,G
1572,sequence,C
1573,sequence,C
1574,sequence,G
1575,sequence,G
1576,sequence,C
1577,sequence,C
1578,sequence,A
1579,sequence,C
1580,sequence,C
1581,sequence,G
1582,sequence,C
1583,sequence,G
1584,sequence,G
1585,sequence,T
1586,sequence,G
1587,sequence,G
1588,sequence,T
1589,sequence,G
1590,sequence,G
1591,sequence,C
1592,sequence,C
1593,sequence,G
1594,sequence,A
1595,sequence,G
1596,sequence,T
1597,sequence,G
1598,sequence,C
1599,sequence,G
1600,sequence,G
1601,sequence,C
1602,sequence,T
1603,sequence,C
1604,sequence,G
1605,sequence,T
1606,sequence,C
1607,sequence,G
1608,sequence,C
1609,sequence,C
1610,sequence,T
1611,sequence,A
1612,sequence,C
1613,sequence,T
1614,sequence,G
1615,sequence,T
1616,sequence,G
1617,sequence,G
1618,sequence,C
1619,sequence,C
1620,sequence,C
1621,sequence,G
1622,sequence,C
1623,sequence,G
1624,sequence,C
1625,sequence,C
1626,sequence,T
1627,sequence,C
1628,sequence,C
1629,sequence,C
1630,sequence,C
1631,sequence,C
1632,sequence,T
1633,sequence,T
1634,sequence,C
1635,sequence,C
1636,sequence,G
1637,sequence,A
1638,sequence,G
1639,sequence,T
1640,sequence,C
1641,sequence,G
1642,sequence,G
1643,sequence,G
1644,sequence,G
1645,sequence,G
1646,sequence,A
1647,sequence,G
1648,sequence,G
1649,sequence,A
1650,sequence,T
1651,sequence,C
1652,sequence,C
1653,sequence,C
1654,sequence,G
1655,sequence,C
1656,sequence,C
1657,sequence,G
1658,sequence,G
1659,sequence,G
1660,sequence,C
1661,sequence,C
1662,sequence,G
1663,sequence,G
1664,sequence,G
1665,sequence,C
1666,sequence,C
1667,sequence,C
1668,sequence,G
1669,sequence,G
1670,sequence,C
1671,sequence,G
1672,sequence,0
1673,sequence,0
1674,sequence,0
1675,sequence,0
1676,sequence,0
1677,sequence,T
1678,sequence,C
1679,sequence,C
1680,sequence,C
1681,sequence,A
1682,sequence,G
1683,sequence,C
1684,sequence,G
1685,sequence,G
1686,sequence,G
1687,sequence,T
1688,sequence,T
1689,sequence,G
1690,sequence,G
1691,sequence,G
1692,sequence,A
1693,sequence,C
1694,sequence,G
1695,sequence,C
1696,sequence,G
1697,sequence,G
1698,sequence,C
1699,sequence,G
1700,sequence,G
1701,sequence,C
1702,sequence,C
1703,sequence,G
1704,sequence,G
1705,sequence,C
1706,sequence,G
1707,sequence,G
1708,sequence,G
1709,sequence,C
1710,sequence,G
1711,sequence,G
1712,sequence,T
1713,sequence,G
1714,sequence,G
1715,sequence,G
1716,sequence,T
1717,sequence,G
1718,sequence,T
1719,sequence,G
1720,sequence,C
1721,sequence,G
1722,sequence,C
1723,sequence,G
1724,sequence,C
1725,sequence,C
1726,sequence,C
1727,sequence,G
1728,sequence,G
1729,sequence,C
1730,sequence,G
1731,sequence,C
1732,sequence,T
1733,sequence,C
1734,sequence,T
1735,sequence,G
1736,sequence,T
1737,sequence,C
1738,sequence,C
1739,sequence,G
1740,sequence,G
1741,sequence,C
1742,sequence,G
1743,sequence,C
1744,sequence,G
1745,sequence,T
1746,sequence,G
1747,sequence,A
1748,sequence,C
1749,sequence,T
1750,sequence,C
1751,sequence,C
1752,sequence,C
1753,sequence,T
1754,sequence,C
1755,sequence,C
1756,sequence,G
1757,sequence,0
1758,sequence,C
1759,sequence,C
1760,sequence,G
1761,sequence,C
1762,sequence,G
1763,sequence,A
1764,sequence,G
1765,sequence,T
1766,sequence,C
1767,sequence,G
1768,sequence,G
1769,sequence,C
1770,sequence,T
1771,sequence,C
1772,sequence,T
1773,sequence,C
1774,sequence,C
1775,sequence,G
1776,sequence,C
1777,sequence,C
1778,sequence,C
1779,sequence,G
1780,sequence,C
1781,sequence,T
1782,sequence,C
1783,sequence,C
1784,sequence,C
1785,sequence,G
1786,sequence,T
1787,sequence,G
1788,sequence,C
1789,sequence,C
1790,sequence,G
1791,sequence,A
1792,sequence,G
1793,sequence,T
1794,sequence,C
1795,sequence,G
1796,sequence,T
1797,sequence,G
1798,sequence,A
1799,sequence,C
1800,sequence,C
1801,sequence,G
1802,sequence,G
1803,sequence,T
1804,sequence,G
1805,sequence,C
1806,sequence,C
1807,sequence,G
1808,sequence,A
1809,sequence,C
1810,sequence,G
1811,sequence,A
1812,sequence,C
1813,sequence,C
1814,sequence,G
1815,sequence,C
1816,sequence,G
1817,sequence,T
1818,sequence,T
1819,sequence,T
1820,sequence,G
1821,sequence,C
1822,sequence,G
1823,sequence,T
1824,sequence,G
1825,sequence,G
1826,sequence,C
1827,sequence,A
1828,sequence,C
1829,sequence,G
1830,sequence,G
1831,sequence,G
1832,sequence,G
1833,sequence,T
1834,sequence,C
1835,sequence,G
1836,sequence,G
1837,sequence,G
1838,sequence,C
1839,sequence,C
1840,sequence,C
1841,sequence,G
1842,sequence,C
1843,sequence,C
1844,sequence,T
1845,sequence,G
1846,sequence,G
1847,sequence,C
1848,sequence,C
1849,sequence,C
1850,sequence,T
1851,sequence,G
1852,sequence,G
1853,sequence,G
1854,sequence,A
1855,sequence,A
1856,sequence,A
1857,sequence,G
1858,sequence,C
1859,sequence,G
1860,sequence,T
1861,sequence,C
1862,sequence,C
1863,sequence,C
1864,sequence,A
1865,sequence,C
1866,sequence,G
1867,sequence,G
1868,sequence,T
1869,sequence,G
1870,sequence,G
1871,sequence,G
1872,sequence,G
1873,sequence,G
1874,sequence,C
1875,sequence,G
1876,sequence,C
1877,sequence,G
1878,sequence,C
1879,sequence,C
1880,sequence,G
1881,sequence,G
1882,sequence,T
1883,sequence,C
1884,sequence,T
1885,sequence,C
1886,sequence,C
1887,sequence,C
1888,sequence,G
1889,sequence,G
1890,sequence,A
1891,sequence,G
1892,sequence,C
1893,sequence,G
1894,sequence,G
1895,sequence,G
1896,sequence,A
1897,sequence,C
1898,sequence,C
1899,sequence,G
1900,sequence,G
1901,sequence,G
1902,sequence,T
1903,sequence,C
1904,sequence,G
1905,sequence,G
1906,sequence,A
1907,sequence,G
1908,sequence,G
1909,sequence,A
1910,sequence,T
1911,sequence,G
1912,sequence,G
1913,sequence,A
1914,sequence,C
1915,sequence,G
1916,sequence,A
1917,sequence,G
1918,sequence,A
1919,sequence,A
1920,sequence,T
1921,sequence,C
1922,sequence,A
1923,sequence,C
1924,sequence,G
1925,sequence,A
1926,sequence,G
1927,sequence,C
1928,sequence,G
1929,sequence,A
1930,sequence,C
1931,sequence,G
1932,sequence,G
1933,sequence,T
1934,sequence,G
1935,sequence,G
1936,sequence,T
1937,sequence,G
1938,sequence,G
1939,sequence,T
1940,sequence,G
1941,sequence,G
1942,sequence,C
1943,sequence,G
1944,sequence,T
1945,sequence,G
1946,sequence,T
1947,sequence,C
1948,sequence,G
1949,sequence,G
1950,sequence,G
1951,sequence,T
1952,sequence,T
1953,sequence,C
1954,sequence,G
1955,sequence,T
1956,sequence,G
1957,sequence,G
1958,sequence,C
1959,sequence,T
1960,sequence,G
1961,sequence,C
1962,sequence,G
1963,sequence,G
1964,sequence,T
1965,sequence,C
1966,sequence,G
1967,sequence,C
1968,sequence,T
1969,sequence,C
1970,sequence,C
1971,sequence,G
1972,sequence,G
1973,sequence,G
1974,sequence,G
1975,sequence,C
1976,sequence,C
1977,sequence,C
1978,sequence,C
1979,sequence,C
1980,sequence,G
1981,sequence,G
1982,sequence,T
1983,sequence,G
1984,sequence,G
1985,sequence,C
1986,sequence,G
1987,sequence,G
1988,sequence,G
1989,sequence,G
1990,sequence,C
1991,sequence,C
1992,sequence,C
1993,sequence,C
1994,sequence,G
1995,sequence,G
1996,sequence,G
1997,sequence,G
1998,sequence,C
1999,sequence,T
2000,sequence,C
2001,sequence,G
2002,sequence,C
2003,sequence,G
2004,sequence,A
2005,sequence,G
2006,sequence,G
2007,sequence,C
2008,sequence,G
2009,sequence,G
2010,sequence,T
2011,sequence,T
2012,sequence,C
2013,sequence,T
2014,sequence,C
2015,sequence,G
2016,sequence,G
2017,sequence,T
2018,sequence,G
2019,sequence,G
2020,sequence,G
2021,sequence,G
2022,sequence,G
2023,sequence,C
2024,sequence,C
2025,sequence,G
2026,sequence,A
2027,sequence,G
2028,sequence,G
2029,sequence,G
2030,sequence,C
2031,sequence,C
2032,sequence,G
2033,sequence,T
2034,sequence,C
2035,sequence,C
2036,sequence,G
2037,sequence,G
2038,sequence,C
2039,sequence,G
2040,sequence,T
2041,sequence,C
2042,sequence,C
2043,sequence,C
2044,sequence,A
2045,sequence,G
2046,sequence,G
2047,sequence,C
2048,sequence,G
2049,sequence,G
2050,sequence,G
2051,sequence,G
2052,sequence,C
2053,sequence,G
2054,sequence,C
2055,sequence,C
2056,sequence,G
2057,sequence,C
2058,sequence,G
2059,sequence,G
2060,sequence,G
2061,sequence,A
2062,sequence,C
2063,sequence,C
2064,sequence,G
2065,sequence,C
2066,sequence,C
2067,sequence,C
2068,sequence,T
2069,sequence,C
2070,sequence,G
2071,sequence,T
2072,sequence,G
2073,sequence,T
2074,sequence,C
2075,sequence,T
2076,sequence,G
2077,sequence,T
2078,sequence,G
2079,sequence,G
2080,sequence,C
2081,sequence,G
2082,sequence,G
2083,sequence,T
2084,sequence,G
2085,sequence,G
2086,sequence,G
2087,sequence,A
2088,sequence,T
2089,sequence,C
2090,sequence,C
2091,sequence,C
2092,sequence,G
2093,sequence,C
2094,sequence,G
2095,sequence,G
2096,sequence,C
2097,sequence,C
2098,sequence,G
2099,sequence,T
2100,sequence,G
2101,sequence,T
2102,sequence,T
2103,sequence,T
2104,sequence,T
2105,sequence,C
2106,sequence,C
2107,sequence,T
2108,sequence,G
2109,sequence,G
2110,sequence,T
2111,sequence,G
2112,sequence,G
2113,sequence,C
2114,sequence,C
2115,sequence,C
2116,sequence,G
2117,sequence,G
2118,sequence,C
2119,sequence,C
2120,sequence,G
2121,sequence,T
2122,sequence,G
2123,sequence,C
2124,sequence,C
2125,sequence,T
2126,sequence,G
2127,sequence,A
2128,sequence,G
2129,sequence,G
2130,sequence,T
2131,sequence,T
2132,sequence,T
2133,sequence,C
2134,sequence,T
2135,sequence,C
2136,sequence,C
2137,sequence,C
2138,sequence,C
2139,sequence,G
2140,sequence,A
2141,sequence,G
2142,sequence,C
2143,sequence,C
2144,sequence,G
2145,sequence,C
2146,sequence,C
2147,sequence,G
2148,sequence,C
2149,sequence,C
2150,sequence,T
2151,sequence,C
2152,sequence,T
2153,sequence,G
2154,sequence,C
2155,sequence,G
2156,sequence,G
2157,sequence,G
2158,sequence,C
2159,sequence,T
2160,sequence,C
2161,sequence,C
2162,sequence,C
2163,sequence,G
2164,sequence,G
2165,sequence,G
2166,sequence,T
2167,sequence,G
2168,sequence,C
2169,sequence,C
2170,sequence,C
2171,sequence,T
2172,sequence,T
2173,sequence,G
2174,sequence,C
2175,sequence,C
2176,sequence,C
2177,sequence,T
2178,sequence,C
2179,sequence,G
2180,sequence,C
2181,sequence,G
2182,sequence,G
2183,sequence,T
2184,sequence,C
2185,sequence,C
2186,sequence,C
2187,sequence,C
2188,sequence,G
2189,sequence,G
2190,sequence,C
2191,sequence,C
2192,sequence,C
2193,sequence,T
2194,sequence,C
2195,sequence,G
2196,sequence,C
2197,sequence,C
2198,sequence,C
2199,sequence,G
2200,sequence,T
2201,sequence,C
2202,sequence,T
2203,sequence,G
2204,sequence,T
2205,sequence,G
2206,sequence,C
2207,sequence,C
2208,sequence,C
2209,sequence,T
2210,sequence,C
2211,sequence,T
2212,sequence,T
2213,sequence,C
2214,sequence,C
2215,sequence,C
2216,sequence,C
2217,sequence,G
2218,sequence,C
2219,sequence,C
2220,sequence,C
2221,sequence,G
2222,sequence,C
2223,sequence,C
2224,sequence,G
2225,sequence,C
2226,sequence,C
2227,sequence,C
2228,sequence,G
2229,sequence,C
2230,sequence,C
2231,sequence,G
2232,sequence,A
2233,sequence,T
2234,sequence,C
2235,sequence,C
2236,sequence,T
2237,sequence,C
2238,sequence,T
2239,sequence,T
2240,sequence,C
2241,sequence,T
2242,sequence,T
2243,sequence,C
2244,sequence,C
2245,sequence,C
2246,sequence,C
2247,sequence,C
2248,sequence,C
2249,sequence,G
2250,sequence,A
2251,sequence,G
2252,sequence,C
2253,sequence,G
2254,sequence,G
2255,sequence,C
2256,sequence,T
2257,sequence,C
2258,sequence,A
2259,sequence,C
2260,sequence,C
2261,sequence,G
2262,sequence,G
2263,sequence,C
2264,sequence,T
2265,sequence,T
2266,sequence,C
2267,sequence,A
2268,sequence,C
2269,sequence,G
2270,sequence,T
2271,sequence,C
2272,sequence,C
2273,sequence,G
2274,sequence,T
2275,sequence,T
2276,sequence,G
2277,sequence,G
2278,sequence,T
2279,sequence,G
2280,sequence,G
2281,sequence,C
2282,sequence,C
2283,sequence,C
2284,sequence,C
2285,sequence,G
2286,sequence,C
2287,sequence,C
2288,sequence,T
2289,sequence,G
2290,sequence,G
2291,sequence,G
2292,sequence,A
2293,sequence,C
2294,sequence,C
2295,sequence,G
2296,sequence,A
2297,sequence,A
2298,sequence,C
2299,sequence,C
2300,sequence,C
2301,sequence,G
2302,sequence,G
2303,sequence,C
2304,sequence,A
2305,sequence,C
2306,sequence,C
2307,sequence,G
2308,sequence,C
2309,sequence,C
2310,sequence,T
2311,sequence,C
2312,sequence,G
2313,sequence,T
2314,sequence,G
2315,sequence,G
2316,sequence,G
2317,sequence,G
2318,sequence,C
2319,sequence,G
2320,sequence,C
2321,sequence,C
2322,sequence,G
2323,sequence,C
2324,sequence,C
2325,sequence,G
2326,sequence,C
2327,sequence,C
2328,sequence,G
2329,sequence,G
2330,sequence,C
2331,sequence,C
2332,sequence,A
2333,sequence,C
2334,sequence,T
2335,sequence,G
2336,sequence,A
2337,sequence,T
2338,sequence,C
2339,sequence,G
2340,sequence,G
2341,sequence,C
2342,sequence,C
2343,sequence,C
2344,sequence,G
2345,sequence,G
2346,sequence,C
2347,sequence,G
2348,sequence,T
2349,sequence,C
2350,sequence,C
2351,sequence,G
2352,sequence,C
2353,sequence,G
2354,sequence,T
2355,sequence,C
2356,sequence,C
2357,sequence,C
2358,sequence,C
2359,sequence,C
2360,sequence,G
2361,sequence,G
2362,sequence,C
2363,sequence,G
2364,sequence,C
2365,sequence,G
2366,sequence,C
2367,sequence,G
2368,sequence,C
2369,sequence,C
2370,sequence,T
2371,sequence,T
2372,sequence,G
2373,sequence,G
2374,sequence,G
2375,sequence,G
2376,sequence,A
2377,sequence,C
2378,sequence,C
2379,sequence,G
2380,sequence,G
2381,sequence,G
2382,sequence,T
2383,sequence,C
2384,sequence,G
2385,sequence,G
2386,sequence,T
2387,sequence,G
2388,sequence,G
2389,sequence,C
2390,sequence,G
2391,sequence,C
2392,sequence,C
2393,sequence,C
2394,sequence,C
2395,sequence,G
2396,sequence,C
2397,sequence,G
2398,sequence,T
2399,sequence,G
2400,sequence,G
2401,sequence,G
2402,sequence,G
2403,sequence,C
2404,sequence,C
2405,sequence,C
2406,sequence,G
2407,sequence,G
2408,sequence,T
2409,sequence,G
2410,sequence,G
2411,sequence,G
2412,sequence,C
2413,sequence,T
2414,sequence,T
2415,sequence,C
2416,sequence,C
2417,sequence,C
2418,sequence,G
2419,sequence,G
2420,sequence,A
2421,sequence,G
2422,sequence,G
2423,sequence,G
2424,sequence,T
2425,sequence,T
2426,sequence,C
2427,sequence,C
2428,sequence,G
2429,sequence,G
2430,sequence,G
2431,sequence,G
2432,sequence,G
2433,sequence,T
2434,sequence,C
2435,sequence,G
2436,sequence,G
2437,sequence,C
2438,sequence,C
2439,sequence,T
2440,sequence,G
2441,sequence,C
2442,sequence,G
2443,sequence,G
2444,sequence,C
2445,sequence,G
2446,sequence,C
2447,sequence,G
2448,sequence,T
2449,sequence,G
2450,sequence,C
2451,sequence,G
2452,sequence,G
2453,sequence,G
2454,sequence,G
2455,sequence,G
2456,sequence,A
2457,sequence,G
2458,sequence,G
2459,sequence,A
2460,sequence,G
2461,sequence,A
2462,sequence,C
2463,sequence,G
2464,sequence,G
2465,sequence,T
2466,sequence,T
2467,sequence,C
2468,sequence,C
2469,sequence,G
2470,sequence,G
2471,sequence,G
2472,sequence,G
2473,sequence,G
2474,sequence,A
2475,sequence,C
2476,sequence,C
2477,sequence,G
2478,sequence,G
2479,sequence,C
2480,sequence,C
2481,sequence,G
2482,sequence,C
2483,sequence,G
2484,sequence,A
2485,sequence,C
2486,sequence,T
2487,sequence,0
2488,sequence,0
2489,sequence,0
2490,sequence,G
2491,sequence,C
2492,sequence,G
2493,sequence,G
2494,sequence,C
2495,sequence,G
2496,sequence,G
2497,sequence,C
2498,sequence,G
2499,sequence,G
2500,sequence,T
2501,sequence,G
2502,sequence,G
2503,sequence,T
2504,sequence,G
2505,sequence,G
2506,sequence,G
2507,sequence,G
2508,sequence,G
2509,sequence,G
2510,sequence,A
2511,sequence,G
2512,sequence,C
2513,sequence,C
2514,sequence,G
2515,sequence,C
2516,sequence,G
2517,sequence,G
2518,sequence,G
2519,sequence,G
2520,sequence,A
2521,sequence,T
2522,sequence,C
2523,sequence,G
2524,sequence,C
2525,sequence,C
2526,sequence,G
2527,sequence,A
2528,sequence,G
2529,sequence,G
2530,sequence,G
2531,sequence,C
2532,sequence,C
2533,sequence,G
2534,sequence,G
2535,sequence,T
2536,sequence,C
2537,sequence,G
2538,sequence,G
2539,sequence,C
2540,sequence,C
2541,sequence,G
2542,sequence,C
2543,sequence,C
2544,sequence,C
2545,sequence,C
2546,sequence,G
2547,sequence,G
2548,sequence,G
2549,sequence,T
2550,sequence,G
2551,sequence,C
2552,sequence,C
2553,sequence,G
2554,sequence,C
2555,sequence,G
2556,sequence,C
2557,sequence,G
2558,sequence,G
2559,sequence,T
2560,sequence,G
2561,sequence,C
2562,sequence,C
2563,sequence,G
2564,sequence,C
2565,sequence,C
2566,sequence,G
2567,sequence,G
2568,sequence,C
2569,sequence,G
2570,sequence,G
2571,sequence,C
2572,sequence,G
2573,sequence,G
2574,sequence,T
2575,sequence,G
2576,sequence,A
2577,sequence,G
2578,sequence,G
2579,sequence,C
2580,sequence,C
2581,sequence,C
2582,sequence,C
2583,sequence,G
2584,sequence,C
2585,sequence,G
2586,sequence,C
2587,sequence,G
2588,sequence,T
2589,sequence,G
2590,sequence,T
2591,sequence,G
2592,sequence,T
2593,sequence,C
2594,sequence,C
2595,sequence,C
2596,sequence,G
2597,sequence,G
2598,sequence,C
2599,sequence,T
2600,sequence,G
2601,sequence,C
2602,sequence,G
2603,sequence,G
2604,sequence,T
2605,sequence,C
2606,sequence,G
2607,sequence,G
2608,sequence,C
2609,sequence,C
2610,sequence,G
2611,sequence,C
2612,sequence,G
2613,sequence,C
2614,sequence,T
2615,sequence,C
2616,sequence,G
2617,sequence,A
2618,sequence,G
2619,sequence,G
2620,sequence,G
2621,sequence,G
2622,sequence,T
2623,sequence,C
2624,sequence,C
2625,sequence,C
2626,sequence,C
2627,sequence,G
2628,sequence,T
2629,sequence,G
2630,sequence,G
2631,sequence,C
2632,sequence,G
2633,sequence,T
2634,sequence,C
2635,sequence,C
2636,sequence,C
2637,sequence,C
2638,sequence,T
2639,sequence,T
2640,sequence,C
2641,sequence,C
2642,sequence,C
2643,sequence,C
2644,sequence,G
2645,sequence,C
2646,sequence,C
2647,sequence,G
2648,sequence,G
2649,sequence,C
2650,sequence,C
2651,sequence,G
2652,sequence,C
2653,sequence,C
2654,sequence,T
2655,sequence,T
2656,sequence,T
2657,sequence,C
2658,sequence,T
2659,sequence,C
2660,sequence,G
2661,sequence,C
2662,sequence,G
2663,sequence,C
2664,sequence,C
2665,sequence,T
2666,sequence,T
2667,sequence,C
2668,sequence,C
2669,sequence,C
2670,sequence,C
2671,sequence,G
2672,sequence,T
2673,sequence,C
2674,sequence,G
2675,sequence,C
2676,sequence,C
2677,sequence,C
2678,sequence,C
2679,sequence,G
2680,sequence,G
2681,sequence,C
2682,sequence,C
2683,sequence,T
2684,sequence,C
2685,sequence,G
2686,sequence,C
2687,sequence,C
2688,sequence,C
2689,sequence,G
2690,sequence,T
2691,sequence,G
2692,sequence,G
2693,sequence,T
2694,sequence,C
2695,sequence,T
2696,sequence,C
2697,sequence,T
2698,sequence,C
2699,sequence,G
2700,sequence,T
2701,sequence,C
2702,sequence,T
2703,sequence,T
2704,sequence,C
2705,sequence,T
2706,sequence,C
2707,sequence,C
2708,sequence,C
2709,sequence,G
2710,sequence,G
2711,sequence,C
2712,sequence,C
2713,sequence,C
2714,sequence,G
2715,sequence,C
2716,sequence,T
2717,sequence,C
2718,sequence,T
2719,sequence,T
2720,sequence,C
2721,sequence,C
2722,sequence,G
2723,sequence,A
2724,sequence,A
2725,sequence,C
2726,sequence,C
2727,sequence,G
2728,sequence,G
2729,sequence,G
2730,sequence,T
2731,sequence,C
2732,sequence,G
2733,sequence,G
2734,sequence,C
2735,sequence,G
2736,sequence,C
2737,sequence,G
2738,sequence,T
2739,sequence,C
2740,sequence,C
2741,sequence,C
2742,sequence,C
2743,sequence,C
2744,sequence,G
2745,sequence,G
2746,sequence,G
2747,sequence,T
2748,sequence,G
2749,sequence,C
2750,sequence,G
2751,sequence,C
2752,sequence,C
2753,sequence,T
2754,sequence,C
2755,sequence,G
2756,sequence,C
2757,sequence,T
2758,sequence,T
2759,sequence,C
2760,sequence,C
2761,sequence,C
2762,sequence,G
2763,sequence,G
2764,sequence,G
2765,sequence,C
2766,sequence,C
2767,sequence,T
2768,sequence,G
2769,sequence,C
2770,sequence,C
2771,sequence,G
2772,sequence,C
2773,sequence,G
2774,sequence,G
2775,sequence,C
2776,sequence,C
2777,sequence,C
2778,sequence,T
2779,sequence,T
2780,sequence,C
2781,sequence,C
2782,sequence,C
2783,sequence,C
2784,sequence,G
2785,sequence,A
2786,sequence,G
2787,sequence,G
2788,sequence,C
2789,sequence,G
2790,sequence,T
2791,sequence,C
2792,sequence,C
2793,sequence,G
2794,sequence,T
2795,sequence,C
2796,sequence,C
2797,sequence,C
2798,sequence,G
2799,sequence,G
2800,sequence,G
2801,sequence,C
2802,sequence,G
2803,sequence,T
2804,sequence,C
2805,sequence,G
2806,sequence,G
2807,sequence,C
2808,sequence,G
2809,sequence,T
2810,sequence,C
2811,sequence,G
2812,sequence,G
2813,sequence,G
2814,sequence,G
2815,sequence,A
2816,sequence,G
2817,sequence,A
2818,sequence,G
2819,sequence,C
2820,sequence,C
2821,sequence,C
2822,sequence,G
2823,sequence,T
2824,sequence,C
2825,sequence,C
2826,sequence,T
2827,sequence,C
2828,sequence,C
2829,sequence,C
2830,sequence,C
2831,sequence,G
2832,sequence,C
2833,sequence,G
2834,sequence,T
2835,sequence,G
2836,sequence,G
2837,sequence,C
2838,sequence,G
2839,sequence,T
2840,sequence,C
2841,sequence,G
2842,sequence,C
2843,sequence,C
2844,sequence,C
2845,sequence,C
2846,sequence,G
2847,sequence,T
2848,sequence,T
2849,sequence,C
2850,sequence,G
2851,sequence,G
2852,sequence,C
2853,sequence,G
2854,sequence,C
2855,sequence,G
2856,sequence,C
2857,sequence,G
2858,sequence,C
2859,sequence,G
2860,sequence,T
2861,sequence,G
2862,sequence,C
2863,sequence,G
2864,sequence,C
2865,sequence,C
2866,sequence,C
2867,sequence,G
2868,sequence,A
2869,sequence,G
2870,sequence,C
2871,sequence,G
2872,sequence,C
2873,sequence,G
2874,sequence,G
2875,sequence,C
2876,sequence,C
2877,sequence,C
2878,sequence,G
2879,sequence,G
2880,sequence,T
2881,sequence,G
2882,sequence,G
2883,sequence,T
2884,sequence,C
2885,sequence,C
2886,sequence,C
2887,sequence,T
2888,sequence,C
2889,sequence,C
2890,sequence,C
2891,sequence,G
2892,sequence,G
2893,sequence,A
2894,sequence,C
2895,sequence,A
2896,sequence,G
2897,sequence,G
2898,sequence,C
2899,sequence,G
2900,sequence,T
2901,sequence,T
2902,sequence,C
2903,sequence,G
2904,sequence,T
2905,sequence,G
2906,sequence,C
2907,sequence,G
2908,sequence,A
2909,sequence,C
2910,sequence,G
2911,sequence,T
2912,sequence,G
2913,sequence,T
2914,sequence,G
2915,sequence,G
2916,sequence,C
2917,sequence,G
2918,sequence,T
2919,sequence,G
2920,sequence,G
2921,sequence,G
2922,sequence,T
2923,sequence,C
2924,sequence,G
2925,sequence,A
2926,sequence,C
2927,sequence,C
2928,sequence,T
2929,sequence,C
2930,sequence,C
2931,sequence,G
2932,sequence,C
2933,sequence,C
2934,sequence,T
2935,sequence,T
2936,sequence,G
2937,sequence,C
2938,sequence,C
2939,sequence,G
2940,sequence,G
2941,sequence,T
2942,sequence,C
2943,sequence,G
2944,sequence,C
2945,sequence,T
2946,sequence,C
2947,sequence,G
2948,sequence,C
2949,sequence,C
2950,sequence,C
2951,sequence,T
2952,sequence,C
2953,sequence,T
2954,sequence,C
2955,sequence,C
2956,sequence,C
2957,sequence,C
2958,sequence,G
2959,sequence,G
2960,sequence,G
2961,sequence,T
2962,sequence,C
2963,sequence,G
2964,sequence,G
2965,sequence,G
2966,sequence,G
2967,sequence,G
2968,sequence,G
2969,sequence,T
2970,sequence,G
2971,sequence,G
2972,sequence,G
2973,sequence,G
2974,sequence,C
2975,sequence,C
2976,sequence,C
2977,sequence,G
2978,sequence,G
2979,sequence,G
2980,sequence,C
2981,sequence,C
2982,sequence,G
2983,sequence,G
2984,sequence,G
2985,sequence,G
2986,sequence,C
2987,sequence,C
2988,sequence,T
2989,sequence,C
2990,sequence,G
2991,sequence,G
2992,sequence,C
2993,sequence,C
2994,sequence,C
2995,sequence,C
2996,sequence,G
2997,sequence,G
2998,sequence,T
2999,sequence,C
3000,sequence,G
3001,sequence,C
3002,sequence,G
3003,sequence,G
3004,sequence,T
3005,sequence,C
3006,sequence,C
3007,sequence,C
3008,sequence,C
3009,sequence,C
3010,sequence,G
3011,sequence,T
3012,sequence,C
3013,sequence,C
3014,sequence,C
3015,sequence,G
3016,sequence,G
3017,sequence,G
3018,sequence,C
3019,sequence,G
3020,sequence,G
3021,sequence,G
3022,sequence,G
3023,sequence,G
3024,sequence,C
3025,sequence,G
3026,sequence,G
3027,sequence,G
3028,sequence,C
3029,sequence,G
3030,sequence,C
3031,sequence,G
3032,sequence,C
3033,sequence,C
3034,sequence,G
3035,sequence,G
3036,sequence,C
3037,sequence,C
3038,sequence,G
3039,sequence,G
3040,sequence,C
3041,sequence,C
3042,sequence,T
3043,sequence,C
3044,sequence,G
3045,sequence,G
3046,sequence,T
3047,sequence,C
3048,sequence,G
3049,sequence,C
3050,sequence,C
3051,sequence,C
3052,sequence,T
3053,sequence,C
3054,sequence,C
3055,sequence,C
3056,sequence,T
3057,sequence,T
3058,sequence,G
3059,sequence,G
3060,sequence,C
3061,sequence,C
3062,sequence,G
3063,sequence,T
3064,sequence,C
3065,sequence,G
3066,sequence,T
3067,sequence,G
3068,sequence,T
3069,sequence,G
3070,sequence,G
3071,sequence,C
3072,sequence,G
3073,sequence,T
3074,sequence,G
3075,sequence,T
3076,sequence,G
3077,sequence,C
3078,sequence,C
3079,sequence,A
3080,sequence,C
3081,sequence,C
3082,sequence,C
3083,sequence,C
3084,sequence,T
3085,sequence,G
3086,sequence,C
3087,sequence,G
3088,sequence,C
3089,sequence,C
3090,sequence,C
3091,sequence,G
3092,sequence,C
3093,sequence,G
3094,sequence,C
3095,sequence,C
3096,sequence,C
3097,sequence,G
3098,sequence,C
3099,sequence,C
3100,sequence,G
3101,sequence,G
3102,sequence,C
3103,sequence,G
3104,sequence,G
3105,sequence,G
3106,sequence,G
3107,sequence,C
3108,sequence,T
3109,sequence,C
3110,sequence,G
3111,sequence,G
3112,sequence,A
3113,sequence,G
3114,sequence,C
3115,sequence,C
3116,sequence,G
3117,sequence,G
3118,sequence,G
3119,sequence,C
3120,sequence,T
3121,sequence,T
3122,sequence,C
3123,sequence,G
3124,sequence,G
3125,sequence,C
3126,sequence,C
3127,sequence,G
3128,sequence,G
3129,sequence,G
3130,sequence,C
3131,sequence,C
3132,sequence,C
3133,sequence,C
3134,sequence,G
3135,sequence,G
3136,sequence,G
3137,sequence,C
3138,sequence,C
3139,sequence,C
3140,sequence,T
3141,sequence,C
3142,sequence,G
3143,sequence,A
3144,sequence,C
3145,sequence,C
3146,sequence,G
3147,sequence,G
3148,sequence,A
3149,sequence,C
3150,sequence,C
3151,sequence,G
3152,sequence,G
3153,sequence,0
3154,sequence,T
3155,sequence,G
3156,sequence,C
3157,sequence,G
3158,sequence,C
3159,sequence,G
3160,sequence,G
3161,sequence,G
3162,sequence,C
3163,sequence,G
3164,sequence,C
3165,sequence,T
3166,sequence,G
3167,sequence,C
3168,sequence,G
3169,sequence,G
3170,sequence,C
3171,sequence,C
3172,sequence,G
3173,sequence,C
3174,sequence,A
3175,sequence,C
3176,sequence,G
3177,sequence,G
3178,sequence,C
3179,sequence,G
3180,sequence,C
3181,sequence,G
3182,sequence,A
3183,sequence,C
3184,sequence,T
3185,sequence,G
3186,sequence,T
3187,sequence,C
3188,sequence,C
3189,sequence,C
3190,sequence,C
3191,sequence,G
3192,sequence,G
3193,sequence,G
3194,sequence,C
3195,sequence,C
3196,sequence,G
3197,sequence,G
3198,sequence,G
3199,sequence,C
3200,sequence,A
3201,sequence,C
3202,sequence,C
3203,sequence,G
3204,sequence,C
3205,sequence,G
3206,sequence,G
3207,sequence,T
3208,sequence,C
3209,sequence,C
3210,sequence,G
3211,sequence,C
3212,sequence,C
3213,sequence,T
3214,sequence,C
3215,sequence,T
3216,sequence,C
3217,sequence,G
3218,sequence,C
3219,sequence,T
3220,sequence,C
3221,sequence,G
3222,sequence,C
3223,sequence,C
3224,sequence,G
3225,sequence,C
3226,sequence,C
3227,sequence,C
3228,sequence,G
3229,sequence,G
3230,sequence,A
3231,sequence,C
3232,sequence,G
3233,sequence,T
3234,sequence,C
3235,sequence,G
3236,sequence,G
3237,sequence,G
3238,sequence,G
3239,sequence,C
3240,sequence,C
3241,sequence,G
3242,sequence,C
3243,sequence,C
3244,sequence,C
3245,sequence,C
3246,sequence,G
3247,sequence,C
3248,sequence,G
3249,sequence,G
3250,sequence,G
3251,sequence,G
3252,sequence,C
3253,sequence,G
3254,sequence,G
3255,sequence,G
3256,sequence,C
3257,sequence,G
3258,sequence,G
3259,sequence,A
3260,sequence,G
3261,sequence,C
3262,sequence,G
3263,sequence,C
3264,sequence,C
3265,sequence,G
3266,sequence,T
3267,sequence,C
3268,sequence,C
3269,sequence,C
3270,sequence,C
3271,sequence,G
3272,sequence,C
3273,sequence,C
3274,sequence,T
3275,sequence,C
3276,sequence,G
3277,sequence,C
3278,sequence,C
3279,sequence,G
3280,sequence,C
3281,sequence,C
3282,sequence,G
3283,sequence,C
3284,sequence,C
3285,sequence,C
3286,sequence,G
3287,sequence,C
3288,sequence,G
3289,sequence,G
3290,sequence,G
3291,sequence,C
3292,sequence,G
3293,sequence,C
3294,sequence,C
3295,sequence,G
3296,sequence,G
3297,sequence,C
3298,sequence,C
3299,sequence,G
3300,sequence,C
3301,sequence,G
3302,sequence,C
3303,sequence,G
3304,sequence,C
3305,sequence,G
3306,sequence,C
3307,sequence,G
3308,sequence,C
3309,sequence,G
3310,sequence,C
3311,sequence,G
3312,sequence,C
3313,sequence,G
3314,sequence,T
3315,sequence,G
3316,sequence,G
3317,sequence,C
3318,sequence,C
3319,sequence,G
3320,sequence,C
3321,sequence,C
3322,sequence,G
3323,sequence,G
3324,sequence,T
3325,sequence,C
3326,sequence,C
3327,sequence,C
3328,sequence,T
3329,sequence,C
3330,sequence,C
3331,sequence,C
3332,sequence,G
3333,sequence,G
3334,sequence,C
3335,sequence,C
3336,sequence,G
3337,sequence,C
3338,sequence,C
3339,sequence,G
3340,sequence,G
3341,sequence,G
3342,sequence,C
3343,sequence,G
3344,sequence,C
3345,sequence,G
3346,sequence,G
3347,sequence,G
3348,sequence,T
3349,sequence,C
3350,sequence,G
3351,sequence,G
3352,sequence,G
3353,sequence,C
3354,sequence,C
3355,sequence,G
3356,sequence,T
3357,sequence,C
3358,sequence,C
3359,sequence,G
3360,sequence,C
3361,sequence,C
3362,sequence,T
3363,sequence,C
3364,sequence,C
3365,sequence,T
3366,sequence,C
3367,sequence,G
3368,sequence,C
3369,sequence,G
3370,sequence,G
3371,sequence,G
3372,sequence,C
3373,sequence,G
3374,sequence,G
3375,sequence,G
3376,sequence,C
3377,sequence,G
3378,sequence,C
3379,sequence,G
3380,sequence,A
3381,sequence,C
3382,sequence,G
3383,sequence,A
3384,sequence,A
3385,sequence,G
3386,sequence,A
3387,sequence,A
3388,sequence,G
3389,sequence,C
3390,sequence,G
3391,sequence,T
3392,sequence,C
3393,sequence,G
3394,sequence,C
3395,sequence,G
3396,sequence,G
3397,sequence,G
3398,sequence,T
3399,sequence,C
3400,sequence,T
3401,sequence,G
3402,sequence,T
3403,sequence,G
3404,sequence,G
3405,sequence,C
3406,sequence,G
3407,sequence,C
3408,sequence,G
3409,sequence,G
3410,sequence,G
3411,sequence,G
3412,sequence,0
3413,sequence,C
3414,sequence,C
3415,sequence,C
3416,sequence,C
3417,sequence,G
3418,sequence,G
3419,sequence,T
3420,sequence,G
3421,sequence,G
3422,sequence,T
3423,sequence,C
3424,sequence,G
3425,sequence,T
3426,sequence,G
3427,sequence,T
3428,sequence,C
3429,sequence,G
3430,sequence,C
3431,sequence,G
3432,sequence,T
3433,sequence,G
3434,sequence,G
3435,sequence,G
3436,sequence,G
3437,sequence,G
3438,sequence,G
3439,sequence,C
3440,sequence,G
3441,sequence,G
3442,sequence,G
3443,sequence,T
3444,sequence,G
3445,sequence,G
3446,sequence,T
3447,sequence,T
3448,sequence,G
3449,sequence,G
3450,sequence,G
3451,sequence,G
3452,sequence,C
3453,sequence,G
3454,sequence,T
3455,sequence,C
3456,sequence,C
3457,sequence,G
3458,sequence,G
3459,sequence,T
3460,sequence,T
3461,sequence,C
3462,sequence,G
3463,sequence,C
3464,sequence,C
3465,sequence,G
3466,sequence,C
3467,sequence,G
3468,sequence,C
3469,sequence,C
3470,sequence,C
3471,sequence,C
3472,sequence,G
3473,sequence,C
3474,sequence,C
3475,sequence,C
3476,sequence,C
3477,sequence,G
3478,sequence,G
3479,sequence,C
3480,sequence,C
3481,sequence,C
3482,sequence,C
3483,sequence,A
3484,sequence,C
3485,sequence,C
3486,sequence,G
3487,sequence,G
3488,sequence,T
3489,sequence,C
3490,sequence,C
3491,sequence,C
3492,sequence,G
3493,sequence,G
3494,sequence,C
3495,sequence,C
3496,sequence,G
3497,sequence,C
3498,sequence,C
3499,sequence,G
3500,sequence,C
3501,sequence,C
3502,sequence,C
3503,sequence,C
3504,sequence,C
3505,sequence,G
3506,sequence,C
3507,sequence,G
3508,sequence,C
3509,sequence,C
3510,sequence,C
3511,sequence,G
3512,sequence,C
3513,sequence,T
3514,sequence,C
3515,sequence,G
3516,sequence,C
3517,sequence,T
3518,sequence,C
3519,sequence,C
3520,sequence,C
3521,sequence,T
3522,sequence,C
3523,sequence,C
3524,sequence,C
3525,sequence,G
3526,sequence,T
3527,sequence,C
3528,sequence,C
3529,sequence,G
3530,sequence,C
3531,sequence,C
3532,sequence,C
3533,sequence,G
3534,sequence,T
3535,sequence,C
3536,sequence,C
3537,sequence,G
3538,sequence,C
3539,sequence,G
3540,sequence,G
3541,sequence,C
3542,sequence,C
3543,sequence,C
3544,sequence,G
3545,sequence,T
3546,sequence,C
3547,sequence,C
3548,sequence,G
3549,sequence,T
3550,sequence,C
3551,sequence,C
3552,sequence,G
3553,sequence,T
3554,sequence,C
3555,sequence,C
3556,sequence,G
3557,sequence,T
3558,sequence,C
3559,sequence,C
3560,sequence,G
3561,sequence,T
3562,sequence,C
3563,sequence,G
3564,sequence,T
3565,sequence,C
3566,sequence,C
3567,sequence,T
3568,sequence,C
3569,sequence,C
3570,sequence,T
3571,sequence,C
3572,sequence,G
3573,sequence,C
3574,sequence,T
3575,sequence,T
3576,sequence,G
3577,sequence,C
3578,sequence,G
3579,sequence,G
3580,sequence,G
3581,sequence,G
3582,sequence,C
3583,sequence,G
3584,sequence,C
3585,sequence,C
3586,sequence,G
3587,sequence,G
3588,sequence,G
3589,sequence,C
3590,sequence,C
3591,sequence,C
3592,sequence,G
3593,sequence,T
3594,sequence,C
3595,sequence,C
3596,sequence,T
3597,sequence,C
3598,sequence,G
3599,sequence,C
3600,sequence,G
3601,sequence,A
3602,sequence,G
3603,sequence,G
3604,sequence,C
3605,sequence,C
3606,sequence,C
3607,sequence,C
3608,sequence,C
3609,sequence,C
3610,sequence,G
3611,sequence,G
3612,sequence,C
3613,sequence,C
3614,sequence,G
3615,sequence,G
3616,sequence,C
3617,sequence,C
3618,sequence,G
3619,sequence,T
3620,sequence,C
3621,sequence,C
3622,sequence,G
3623,sequence,G
3624,sequence,C
3625,sequence,C
3626,sequence,G
3627,sequence,C
3628,sequence,G
3629,sequence,T
3630,sequence,C
3631,sequence,G
3632,sequence,G
3633,sequence,G
3634,sequence,G
3635,sequence,C
3636,sequence,C
3637,sequence,T
3638,sequence,C
3639,sequence,G
3640,sequence,C
3641,sequence,C
3642,sequence,G
3643,sequence,C
3644,sequence,G
3645,sequence,C
3646,sequence,T
3647,sequence,C
3648,sequence,T
3649,sequence,A
3650,sequence,C
3651,sequence,C
3652,sequence,T
3653,sequence,T
3654,sequence,A
3655,sequence,C
3656,sequence,C
3657,sequence,T
3658,sequence,A
3659,sequence,C
3660,sequence,C
3661,sequence,T
3662,sequence,G
3663,sequence,G
3664,sequence,T
3665,sequence,T
3666,sequence,G
3667,sequence,A
3668,sequence,T
3669,sequence,C
3670,sequence,C
3671,sequence,T
3672,sequence,G
3673,sequence,C
3674,sequence,C
3675,sequence,A
3676,sequence,G
3677,sequence,T
3678,sequence,A
3679,sequence,G
3680,sequence,C
3681,sequence,A
3682,sequence,T
3683,sequence,A
3684,sequence,T
3685,sequence,G
3686,sequence,C
3687,sequence,T
3688,sequence,T
3689,sequence,G
3690,sequence,T
3691,sequence,C
3692,sequence,T
3693,sequence,C
3694,sequence,A
3695,sequence,A
3696,sequence,A
3697,sequence,G
3698,sequence,A
3699,sequence,T
3700,sequence,T
3701,sequence,A
3702,sequence,A
3703,sequence,G
3704,sequence,C
3705,sequence,C
3706,sequence,A
3707,sequence,T
3708,sequence,G
3709,sequence,C
3710,sequence,A
3711,sequence,T
3712,sequence,G
3713,sequence,T
3714,sequence,C
3715,sequence,T
3716,sequence,A
3717,sequence,A
3718,sequence,G
3719,sequence,T
3720,sequence,A
3721,sequence,C
3722,sequence,G
3723,sequence,C
3724,sequence,A
3725,sequence,C
3726,sequence,G
3727,sequence,G
3728,sequence,C
3729,sequence,C
3730,sequence,G
3731,sequence,G
3732,sequence,T
3733,sequence,A
3734,sequence,C
3735,sequence,A
3736,sequence,G
3737,sequence,T
3738,sequence,G
3739,sequence,A
3740,sequence,A
3741,sequence,A
3742,sequence,C
3743,sequence,T
3744,sequence,G
3745,sequence,C
3746,sequence,G
3747,sequence,A
3748,sequence,A
3749,sequence,T
3750,sequence,G
3751,sequence,G
3752,sequence,C
3753,sequence,T
3754,sequence,C
3755,sequence,A
3756,sequence,T
3757,sequence,T
3758,sequence,A
3759,sequence,A
3760,sequence,A
3761,sequence,T
3762,sequence,C
3763,sequence,A
3764,sequence,G
3765,sequence,T
3766,sequence,T
3767,sequence,A
3768,sequence,T
3769,sequence,G
3770,sequence,G
3771,sequence,T
3772,sequence,T
3773,sequence,C
3774,sequence,C
3775,sequence,T
3776,sequence,T
3777,sequence,T
3778,sequence,G
3779,sequence,G
3780,sequence,T
3781,sequence,C
3782,sequence,G
3783,sequence,C
3784,sequence,T
3785,sequence,C
3786,sequence,G
3787,sequence,C
3788,sequence,T
3789,sequence,C
3790,sequence,C
3791,sequence,T
3792,sequence,C
3793,sequence,T
3794,sequence,C
3795,sequence,C
3796,sequence,T
3797,sequence,A
3798,sequence,C
3799,sequence,T
3800,sequence,T
3801,sequence,G
3802,sequence,G
3803,sequence,A
3804,sequence,T
3805,sequence,A
3806,sequence,A
3807,sequence,C
3808,sequence,T
3809,sequence,G
3810,sequence,T
3811,sequence,G
3812,sequence,G
3813,sequence,T
3814,sequence,A
3815,sequence,A
3816,sequence,T
3817,sequence,T
3818,sequence,C
3819,sequence,T
3820,sequence,A
3821,sequence,G
3822,sequence,A
3823,sequence,G
3824,sequence,C
3825,sequence,T
3826,sequence,A
3827,sequence,A
3828,sequence,T
3829,sequence,A
3830,sequence,C
3831,sequence,A
3832,sequence,T
3833,sequence,G
3834,sequence,C
3835,sequence,C
3836,sequence,G
3837,sequence,A
3838,sequence,C
3839,sequence,G
3840,sequence,G
3841,sequence,G
3842,sequence,C
3843,sequence,G
3844,sequence,C
3845,sequence,T
3846,sequence,G
3847,sequence,A
3848,sequence,C
3849,sequence,C
3850,sequence,C
3851,sequence,C
3852,sequence,C
3853,sequence,T
3854,sequence,T
3855,sequence,C
3856,sequence,G
3857,sequence,C
3858,sequence,G
3859,sequence,G
3860,sequence,G
3861,sequence,G
3862,sequence,G
3863,sequence,G
3864,sequence,G
3865,sequence,A
3866,sequence,T
3867,sequence,G
3868,sequence,C
3869,sequence,G
3870,sequence,T
3871,sequence,G
3872,sequence,C
3873,sequence,A
3874,sequence,T
3875,sequence,T
3876,sequence,T
3877,sequence,A
3878,sequence,T
3879,sequence,C
3880,sequence,A
3881,sequence,G
3882,sequence,A
3883,sequence,T
3884,sequence,C
3885,sequence,A
3886,sequence,A
3887,sequence,A
3888,sequence,A
3889,sequence,C
3890,sequence,C
3891,sequence,A
3892,sequence,A
3893,sequence,C
3894,sequence,C
3895,sequence,C
3896,sequence,G
3897,sequence,G
3898,sequence,T
3899,sequence,C
3900,sequence,A
3901,sequence,G
3902,sequence,C
3903,sequence,C
3904,sequence,C
3905,sequence,C
3906,sequence,T
3907,sequence,C
3908,sequence,T
3909,sequence,C
3910,sequence,C
3911,sequence,G
3912,sequence,G
3913,sequence,C
3914,sequence,C
3915,sequence,C
3916,sequence,C
3917,sequence,G
3918,sequence,G
3919,sequence,C
3920,sequence,C
3921,sequence,G
3922,sequence,G
3923,sequence,G
3924,sequence,G
3925,sequence,G
3926,sequence,G
3927,sequence,C
3928,sequence,G
3929,sequence,G
3930,sequence,G
3931,sequence,C
3932,sequence,G
3933,sequence,C
3934,sequence,C
3935,sequence,G
3936,sequence,G
3937,sequence,C
3938,sequence,G
3939,sequence,G
3940,sequence,C
3941,sequence,T
3942,sequence,T
3943,sequence,T
3944,sequence,G
3945,sequence,G
3946,sequence,T
3947,sequence,G
3948,sequence,A
3949,sequence,C
3950,sequence,T
3951,sequence,C
3952,sequence,T
3953,sequence,A
3954,sequence,G
3955,sequence,A
3956,sequence,T
3957,sequence,A
3958,sequence,A
3959,sequence,C
3960,sequence,C
3961,sequence,T
3962,sequence,C
3963,sequence,G
3964,sequence,G
3965,sequence,G
3966,sequence,C
3967,sequence,C
3968,sequence,G
3969,sequence,A
3970,sequence,T
3971,sequence,C
3972,sequence,G
3973,sequence,C
3974,sequence,A
3975,sequence,C
3976,sequence,G
3977,sequence,C
3978,sequence,C
3979,sequence,C
3980,sequence,C
3981,sequence,C
3982,sequence,C
3983,sequence,G
3984,sequence,T
3985,sequence,G
3986,sequence,G
3987,sequence,C
3988,sequence,G
3989,sequence,G
3990,sequence,C
3991,sequence,G
3992,sequence,A
3993,sequence,C
3994,sequence,G
3995,sequence,A
3996,sequence,C
3997,sequence,C
3998,sequence,C
3999,sequence,A
4000,sequence,T
4001,sequence,T
4002,sequence,C
4003,sequence,G
4004,sequence,A
4005,sequence,A
4006,sequence,C
4007,sequence,G
4008,sequence,T
4009,sequence,C
4010,sequence,T
4011,sequence,G
4012,sequence,C
4013,sequence,C
4014,sequence,C
4015,sequence,T
4016,sequence,A
4017,sequence,T
4018,sequence,C
4019,sequence,A
4020,sequence,A
4021,sequence,C
4022,sequence,T
4023,sequence,T
4024,sequence,T
4025,sequence,C
4026,sequence,G
4027,sequence,A
4028,sequence,T
4029,sequence,G
4030,sequence,G
4031,sequence,T
4032,sequence,A
4033,sequence,G
4034,sequence,T
4035,sequence,C
4036,sequence,G
4037,sequence,C
4038,sequence,C
4039,sequence,G
4040,sequence,T
4041,sequence,G
4042,sequence,C
4043,sequence,C
4044,sequence,T
4045,sequence,A
4046,sequence,C
4047,sequence,C
4048,sequence,A
4049,sequence,T
4050,sequence,G
4051,sequence,G
4052,sequence,T
4053,sequence,G
4054,sequence,A
4055,sequence,C
4056,sequence,C
4057,sequence,A
4058,sequence,C
4059,sequence,G
4060,sequence,G
4061,sequence,G
4062,sequence,T
4063,sequence,G
4064,sequence,A
4065,sequence,C
4066,sequence,G
4067,sequence,G
4068,sequence,G
4069,sequence,G
4070,sequence,A
4071,sequence,A
4072,sequence,T
4073,sequence,C
4074,sequence,A
4075,sequence,G
4076,sequence,G
4077,sequence,G
4078,sequence,T
4079,sequence,T
4080,sequence,C
4081,sequence,G
4082,sequence,A
4083,sequence,T
4084,sequence,T
4085,sequence,C
4086,sequence,C
4087,sequence,G
4088,sequence,G
4089,sequence,A
4090,sequence,G
4091,sequence,A
4092,sequence,G
4093,sequence,G
4094,sequence,G
4095,sequence,A
4096,sequence,G
4097,sequence,C
4098,sequence,C
4099,sequence,T
4100,sequence,G
4101,sequence,A
4102,sequence,G
4103,sequence,A
4104,sequence,A
4105,sequence,A
4106,sequence,C
4107,sequence,G
4108,sequence,G
4109,sequence,C
4110,sequence,T
4111,sequence,A
4112,sequence,C
4113,sequence,C
4114,sequence,A
4115,sequence,C
4116,sequence,A
4117,sequence,T
4118,sequence,C
4119,sequence,C
4120,sequence,A
4121,sequence,A
4122,sequence,G
4123,sequence,G
4124,sequence,A
4125,sequence,A
4126,sequence,G
4127,sequence,G
4128,sequence,C
4129,sequence,A
4130,sequence,G
4131,sequence,C
4132,sequence,A
4133,sequence,G
4134,sequence,G
4135,sequence,C
4136,sequence,G
4137,sequence,C
4138,sequence,G
4139,sequence,C
4140,sequence,A
4141,sequence,A
4142,sequence,A
4143,sequence,T
4144,sequence,T
4145,sequence,A
4146,sequence,C
4147,sequence,C
4148,sequence,C
4149,sequence,A
4150,sequence,C
4151,sequence,T
4152,sequence,C
4153,sequence,C
4154,sequence,C
4155,sequence,G
4156,sequence,A
4157,sequence,C
4158,sequence,C
4159,sequence,C
4160,sequence,G
4161,sequence,G
4162,sequence,G
4163,sequence,G
4164,sequence,A
4165,sequence,G
4166,sequence,G
4167,sequence,T
4168,sequence,A
4169,sequence,G
4170,sequence,T
4171,sequence,G
4172,sequence,A
4173,sequence,C
4174,sequence,G
4175,sequence,A
4176,sequence,A
4177,sequence,A
4178,sequence,A
4179,sequence,A
4180,sequence,T
4181,sequence,A
4182,sequence,A
4183,sequence,C
4184,sequence,A
4185,sequence,A
4186,sequence,T
4187,sequence,A
4188,sequence,C
4189,sequence,A
4190,sequence,G
4191,sequence,G
4192,sequence,A
4193,sequence,C
4194,sequence,T
4195,sequence,C
4196,sequence,T
4197,sequence,T
4198,sequence,T
4199,sequence,C
4200,sequence,G
4201,sequence,A
4202,sequence,G
4203,sequence,G
4204,sequence,C
4205,sequence,C
4206,sequence,C
4207,sequence,T
4208,sequence,G
4209,sequence,T
4210,sequence,A
4211,sequence,A
4212,sequence,T
4213,sequence,T
4214,sequence,G
4215,sequence,G
4216,sequence,A
4217,sequence,A
4218,sequence,T
4219,sequence,G
4220,sequence,A
4221,sequence,G
4222,sequence,T
4223,sequence,C
4224,sequence,C
4225,sequence,A
4226,sequence,C
4227,sequence,T
4228,sequence,T
4229,sequence,T
4230,sequence,A
4231,sequence,A
4232,sequence,A
4233,sequence,T
4234,sequence,C
4235,sequence,C
4236,sequence,T
4237,sequence,T
4238,sequence,T
4239,sequence,A
4240,sequence,A
4241,sequence,C
4242,sequence,G
4243,sequence,A
4244,sequence,G
4245,sequence,G
4246,sequence,A
4247,sequence,T
4248,sequence,C
4249,sequence,C
4250,sequence,A
4251,sequence,T
4252,sequence,T
4253,sequence,G
4254,sequence,G
4255,sequence,A
4256,sequence,G
4257,sequence,G
4258,sequence,G
4259,sequence,C
4260,sequence,A
4261,sequence,A
4262,sequence,G
4263,sequence,T
4264,sequence,C
4265,sequence,T
4266,sequence,G
4267,sequence,G
4268,sequence,T
4269,sequence,G
4270,sequence,C
4271,sequence,C
4272,sequence,A
4273,sequence,G
4274,sequence,C
4275,sequence,A
4276,sequence,G
4277,sequence,C
4278,sequence,C
4279,sequence,G
4280,sequence,C
4281,sequence,G
4282,sequence,G
4283,sequence,T
4284,sequence,A
4285,sequence,A
4286,sequence,T
4287,sequence,T
4288,sequence,C
4289,sequence,C
4290,sequence,A
4291,sequence,G
4292,sequence,C
4293,sequence,T
4294,sequence,C
4295,sequence,C
4296,sequence,A
4297,sequence,A
4298,sequence,T
4299,sequence,A
4300,sequence,G
4301,sequence,C
4302,sequence,G
4303,sequence,T
4304,sequence,A
4305,sequence,T
4306,sequence,A
4307,sequence,T
4308,sequence,T
4309,sequence,A
4310,sequence,A
4311,sequence,A
4312,sequence,G
4313,sequence,T
4314,sequence,T
4315,sequence,G
4316,sequence,C
4317,sequence,T
4318,sequence,G
4319,sequence,C
4320,sequence,A
4321,sequence,G
4322,sequence,T
4323,sequence,T
4324,sequence,A
4325,sequence,A
4326,sequence,A
4327,sequence,A
4328,sequence,A
4329,sequence,G
4330,sequence,C
4331,sequence,T
4332,sequence,C
4333,sequence,G
4334,sequence,T
4335,sequence,A
4336,sequence,G
4337,sequence,T
4338,sequence,T
4339,sequence,G
4340,sequence,G
4341,sequence,A
4342,sequence,T
4343,sequence,C
4344,sequence,T
4345,sequence,T
4346,sequence,G
4347,sequence,G
4348,sequence,G
4349,sequence,A
4350,sequence,G
4351,sequence,C
4352,sequence,G
4353,sequence,G
4354,sequence,G
4355,sequence,C
4356,sequence,G
4357,sequence,G
4358,sequence,G
4359,sequence,C
4360,sequence,G
4361,sequence,G
4362,sequence,T
4363,sequence,C
4364,sequence,C
4365,sequence,G
4366,sequence,C
4367,sequence,C
4368,sequence,G
4369,sequence,C
4370,sequence,G
4371,sequence,A
4372,sequence,G
4373,sequence,G
4374,sequence,C
4375,sequence,G
4376,sequence,A
4377,sequence,G
4378,sequence,C
4379,sequence,C
4380,sequence,A
4381,sequence,C
4382,sequence,C
4383,sequence,G
4384,sequence,C
4385,sequence,C
4386,sequence,C
4387,sequence,G
4388,sequence,T
4389,sequence,C
4390,sequence,C
4391,sequence,C
4392,sequence,C
4393,sequence,G
4394,sequence,C
4395,sequence,C
4396,sequence,C
4397,sequence,C
4398,sequence,T
4399,sequence,T
4400,sequence,G
4401,sequence,C
4402,sequence,C
4403,sequence,T
4404,sequence,C
4405,sequence,T
4406,sequence,C
4407,sequence,G
4408,sequence,G
4409,sequence,C
4410,sequence,G
4411,sequence,C
4412,sequence,C
4413,sequence,C
4414,sequence,C
4415,sequence,C
4416,sequence,T
4417,sequence,C
4418,sequence,G
4419,sequence,A
4420,sequence,T
4421,sequence,G
4422,sequence,C
4423,sequence,T
4424,sequence,C
4425,sequence,T
4426,sequence,T
4427,sequence,A
4428,sequence,G
4429,sequence,C
4430,sequence,T
4431,sequence,G
4432,sequence,A
4433,sequence,G
4434,sequence,T
4435,sequence,G
4436,sequence,T
4437,sequence,C
4438,sequence,C
4439,sequence,C
4440,sequence,G
4441,sequence,C
4442,sequence,G
4443,sequence,G
4444,sequence,G
4445,sequence,G
4446,sequence,C
4447,sequence,C
4448,sequence,C
4449,sequence,G
4450,sequence,A
4451,sequence,A
4452,sequence,G
4453,sequence,C
4454,sequence,G
4455,sequence,T
4456,sequence,T
4457,sequence,T
4458,sequence,A
4459,sequence,C
4460,sequence,T
4461,sequence,T
4462,sequence,T
4463,sequence,G
4464,sequence,A
4465,sequence,A
4466,sequence,A
4467,sequence,A
4468,sequence,A
4469,sequence,A
4470,sequence,T
4471,sequence,T
4472,sequence,A
4473,sequence,G
4474,sequence,A
4475,sequence,G
4476,sequence,T
4477,sequence,G
4478,sequence,T
4479,sequence,T
4480,sequence,C
4481,sequence,A
4482,sequence,A
4483,sequence,A
4484,sequence,G
4485,sequence,C
4486,sequence,A
4487,sequence,G
4488,sequence,G
4489,sequence,C
4490,sequence,C
4491,sequence,C
4492,sequence,G
4493,sequence,A
4494,sequence,G
4495,sequence,C
4496,sequence,C
4497,sequence,G
4498,sequence,C
4499,sequence,C
4500,sequence,T
4501,sequence,G
4502,sequence,G
4503,sequence,A
4504,sequence,T
4505,sequence,A
4506,sequence,C
4507,sequence,C
4508,sequence,G
4509,sequence,C
4510,sequence,A
4511,sequence,G
4512,sequence,C
4513,sequence,T
4514,sequence,A
4515,sequence,G
4516,sequence,G
4517,sequence,A
4518,sequence,A
4519,sequence,T
4520,sequence,A
4521,sequence,A
4522,sequence,T
4523,sequence,G
4524,sequence,G
4525,sequence,A
4526,sequence,A
4527,sequence,T
4528,sequence,A
4529,sequence,G
4530,sequence,G
4531,sequence,A
4532,sequence,C
4533,sequence,C
4534,sequence,G
4535,sequence,C
4536,sequence,G
4537,sequence,G
4538,sequence,T
4539,sequence,T
4540,sequence,C
4541,sequence,T
4542,sequence,A
4543,sequence,T
4544,sequence,T
4545,sequence,T
4546,sequence,T
4547,sequence,G
4548,sequence,T
4549,sequence,T
4550,sequence,G
4551,sequence,G
4552,sequence,T
4553,sequence,T
4554,sequence,T
4555,sequence,T
4556,sequence,C
4557,sequence,G
4558,sequence,G
4559,sequence,A
4560,sequence,A
4561,sequence,C
4562,sequence,T
4563,sequence,G
4564,sequence,A
4565,sequence,G
4566,sequence,G
4567,sequence,C
4568,sequence,C
4569,sequence,A
4570,sequence,T
4571,sequence,G
4572,sequence,A
4573,sequence,T
4574,sequence,T
4575,sequence,A
4576,sequence,A
4577,sequence,G
4578,sequence,A
4579,sequence,G
4580,sequence,G
4581,sequence,G
4582,sequence,A
4583,sequence,C
4584,sequence,G
4585,sequence,G
4586,sequence,C
4587,sequence,C
4588,sequence,G
4589,sequence,G
4590,sequence,G
4591,sequence,G
4592,sequence,G
4593,sequence,C
4594,sequence,A
4595,sequence,T
4596,sequence,T
4597,sequence,C
4598,sequence,G
4599,sequence,T
4600,sequence,A
4601,sequence,T
4602,sequence,T
4603,sequence,G
4604,sequence,C
4605,sequence,G
4606,sequence,C
4607,sequence,C
4608,sequence,G
4609,sequence,C
4610,sequence,T
4611,sequence,A
4612,sequence,G
4613,sequence,A
4614,sequence,G
4615,sequence,G
4616,sequence,T
4617,sequence,G
4618,sequence,A
4619,sequence,A
4620,sequence,A
4621,sequence,T
4622,sequence,T
4623,sequence,C
4624,sequence,T
4625,sequence,T
4626,sequence,G
4627,sequence,G
4628,sequence,A
4629,sequence,C
4630,sequence,C
4631,sequence,G
4632,sequence,G
4633,sequence,C
4634,sequence,G
4635,sequence,C
4636,sequence,A
4637,sequence,A
4638,sequence,G
4639,sequence,A
4640,sequence,C
4641,sequence,G
4642,sequence,G
4643,sequence,A
4644,sequence,C
4645,sequence,C
4646,sequence,A
4647,sequence,G
4648,sequence,A
4649,sequence,G
4650,sequence,C
4651,sequence,G
4652,sequence,A
4653,sequence,A
4654,sequence,A
4655,sequence,G
4656,sequence,C
4657,sequence,A
4658,sequence,T
4659,sequence,T
4660,sequence,T
4661,sequence,G
4662,sequence,C
4663,sequence,C
4664,sequence,A
4665,sequence,A
4666,sequence,G
4667,sequence,A
4668,sequence,A
4669,sequence,T
4670,sequence,G
4671,sequence,T
4672,sequence,T
4673,sequence,T
4674,sequence,T
4675,sequence,C
4676,sequence,A
4677,sequence,T
4678,sequence,T
4679,sequence,A
4680,sequence,A
4681,sequence,T
4682,sequence,C
4683,sequence,A
4684,sequence,A
4685,sequence,G
4686,sequence,A
4687,sequence,A
4688,sequence,C
4689,sequence,G
4690,sequence,A
4691,sequence,A
4692,sequence,A
4693,sequence,G
4694,sequence,T
4695,sequence,C
4696,sequence,G
4697,sequence,G
4698,sequence,A
4699,sequence,G
4700,sequence,G
4701,sequence,T
4702,sequence,T
4703,sequence,C
4704,sequence,G
4705,sequence,A
4706,sequence,A
4707,sequence,G
4708,sequence,A
4709,sequence,C
4710,sequence,G
4711,sequence,A
4712,sequence,T
4713,sequence,C
4714,sequence,A
4715,sequence,G
4716,sequence,A
4717,sequence,T
4718,sequence,A
4719,sequence,C
4720,sequence,C
4721,sequence,G
4722,sequence,T
4723,sequence,C
4724,sequence,G
4725,sequence,T
4726,sequence,A
4727,sequence,G
4728,sequence,T
4729,sequence,T
4730,sequence,C
4731,sequence,C
4732,sequence,G
4733,sequence,A
4734,sequence,C
4735,sequence,C
4736,sequence,A
4737,sequence,T
4738,sequence,A
4739,sequence,A
4740,sequence,A
4741,sequence,C
4742,sequence,G
4743,sequence,A
4744,sequence,T
4745,sequence,G
4746,sequence,C
4747,sequence,C
4748,sequence,G
4749,sequence,A
4750,sequence,C
4751,sequence,C
4752,sequence,G
4753,sequence,G
4754,sequence,C
4755,sequence,G
4756,sequence,A
4757,sequence,T
4758,sequence,G
4759,sequence,C
4760,sequence,G
4761,sequence,G
4762,sequence,C
4763,sequence,G
4764,sequence,G
4765,sequence,C
4766,sequence,G
4767,sequence,T
4768,sequence,T
4769,sequence,A
4770,sequence,T
4771,sequence,T
4772,sequence,C
4773,sequence,C
4774,sequence,C
4775,sequence,A
4776,sequence,T
4777,sequence,G
4778,sequence,A
4779,sequence,C
4780,sequence,C
4781,sequence,C
4782,sequence,G
4783,sequence,C
4784,sequence,C
4785,sequence,G
4786,sequence,G
4787,sequence,G
4788,sequence,C
4789,sequence,A
4790,sequence,G
4791,sequence,C
4792,sequence,T
4793,sequence,T
4794,sequence,C
4795,sequence,C
4796,sequence,G
4797,sequence,G
4798,sequence,G
4799,sequence,A
4800,sequence,A
4801,sequence,A
4802,sequence,C
4803,sequence,C
4804,sequence,A
4805,sequence,A
4806,sequence,A
4807,sequence,G
4808,sequence,T
4809,sequence,C
4810,sequence,T
4811,sequence,T
4812,sequence,T
4813,sequence,G
4814,sequence,G
4815,sequence,G
4816,sequence,T
4817,sequence,T
4818,sequence,C
4819,sequence,C
4820,sequence,G
4821,sequence,G
4822,sequence,G
4823,sequence,G
4824,sequence,G
4825,sequence,G
4826,sequence,A
4827,sequence,G
4828,sequence,T
4829,sequence,A
4830,sequence,T
4831,sequence,G
4832,sequence,G
4833,sequence,T
4834,sequence,T
4835,sequence,G
4836,sequence,C
4837,sequence,A
4838,sequence,A
4839,sequence,A
4840,sequence,G
4841,sequence,C
4842,sequence,T
4843,sequence,G
4844,sequence,A
4845,sequence,A
4846,sequence,A
4847,sequence,C
4848,sequence,T
4849,sequence,T
4850,sequence,A
4851,sequence,A
4852,sequence,A
4853,sequence,G
4854,sequence,G
4855,sequence,A
4856,sequence,A
4857,sequence,T
4858,sequence,T
4859,sequence,G
4860,sequence,A
4861,sequence,C
4862,sequence,G
4863,sequence,G
4864,sequence,A
4865,sequence,A
4866,sequence,G
4867,sequence,G
4868,sequence,G
4869,sequence,C
4870,sequence,A
4871,sequence,C
4872,sequence,C
4873,sequence,A
4874,sequence,C
4875,sequence,C
4876,sequence,A
4877,sequence,G
4878,sequence,G
4879,sequence,A
4880,sequence,G
4881,sequence,T
4882,sequence,G
4883,sequence,G
4884,sequence,A
4885,sequence,G
4886,sequence,C
4887,sequence,C
4888,sequence,T
4889,sequence,G
4890,sequence,C
4891,sequence,G
4892,sequence,G
4893,sequence,C
4894,sequence,T
4895,sequence,T
4896,sequence,A
4897,sequence,A
4898,sequence,T
4899,sequence,T
4900,sequence,T
4901,sequence,G
4902,sequence,A
4903,sequence,C
4904,sequence,T
4905,sequence,C
4906,sequence,A
4907,sequence,A
4908,sequence,C
4909,sequence,A
4910,sequence,C
4911,sequence,G
4912,sequence,G
4913,sequence,G
4914,sequence,A
4915,sequence,A
4916,sequence,A
4917,sequence,C
4918,sequence,C
4919,sequence,T
4920,sequence,C
4921,sequence,A
4922,sequence,C
4923,sequence,C
4924,sequence,C
4925,sequence,G
4926,sequence,G
4927,sequence,C
4928,sequence,C
4929,sequence,C
4930,sequence,G
4931,sequence,G
4932,sequence,A
4933,sequence,C
4934,sequence,A
4935,sequence,C
4936,sequence,G
4937,sequence,G
4938,sequence,A
4939,sequence,C
4940,sequence,A
4941,sequence,G
4942,sequence,G
4943,sequence,A
4944,sequence,T
4945,sequence,T
4946,sequence,G
4947,sequence,A
4948,sequence,C
4949,sequence,A
4950,sequence,G
4951,sequence,A
4952,sequence,T
4953,sequence,T
4954,sequence,G
4955,sequence,A
4956,sequence,T
4957,sequence,A
4958,sequence,G
4959,sequence,C
4960,sequence,T
4961,sequence,C
4962,sequence,T
4963,sequence,T
4964,sequence,T
4965,sequence,C
4966,sequence,T
4967,sequence,C
4968,sequence,G
4969,sequence,A
4970,sequence,T
4971,sequence,T
4972,sequence,C
4973,sequence,C
4974,sequence,G
4975,sequence,T
4976,sequence,G
4977,sequence,G
4978,sequence,G
4979,sequence,T
4980,sequence,G
4981,sequence,G
4982,sequence,T
4983,sequence,G
4984,sequence,G
4985,sequence,T
4986,sequence,G
4987,sequence,C
4988,sequence,A
4989,sequence,T
4990,sequence,G
4991,sequence,G
4992,sequence,C
4993,sequence,C
4994,sequence,G
4995,sequence,T
4996,sequence,T
4997,sequence,C
4998,sequence,T
4999,sequence,T
5000,sequence,A
5001,sequence,G
5002,sequence,T
5003,sequence,T
5004,sequence,G
5005,sequence,G
5006,sequence,T
5007,sequence,G
5008,sequence,G
5009,sequence,A
5010,sequence,G
5011,sequence,C
5012,sequence,G
5013,sequence,A
5014,sequence,T
5015,sequence,T
5016,sequence,T
5017,sequence,G
5018,sequence,T
5019,sequence,C
5020,sequence,T
5021,sequence,G
5022,sequence,G
5023,sequence,T
5024,sequence,T
5025,sequence,A
5026,sequence,A
5027,sequence,T
5028,sequence,T
5029,sequence,C
5030,sequence,C
5031,sequence,G
5032,sequence,A
5033,sequence,T
5034,sequence,A
5035,sequence,A
5036,sequence,C
5037,sequence,G
5038,sequence,A
5039,sequence,A
5040,sequence,C
5041,sequence,G
5042,sequence,A
5043,sequence,G
5044,sequence,A
5045,sequence,C
5046,sequence,T
5047,sequence,C
5048,sequence,T
5049,sequence,G
5050,sequence,G
5051,sequence,C
5052,sequence,A
5053,sequence,T
5054,sequence,G
5055,sequence,C
5056,sequence,T
5057,sequence,A
5058,sequence,A
5059,sequence,C
5060,sequence,T
5061,sequence,A
5062,sequence,G
5063,sequence,T
5064,sequence,T
5065,sequence,A
5066,sequence,C
5067,sequence,G
5068,sequence,C
5069,sequence,G
5070,sequence,A
5071,sequence,C
5072,sequence,C
5073,sequence,C
5074,sequence,C
5075,sequence,C
5076,sequence,G
5077,sequence,A
5078,sequence,G
5079,sequence,C
5080,sequence,G
5081,sequence,G
5082,sequence,T
5083,sequence,C
5084,sequence,G
5085,sequence,G
5086,sequence,C
5087,sequence,G
5088,sequence,T
5089,sequence,C
5090,sequence,C
5091,sequence,C
5092,sequence,C
5093,sequence,C
5094,sequence,A
5095,sequence,A
5096,sequence,C
5097,sequence,T
5098,sequence,T
5099,sequence,C
5100,sequence,T
5101,sequence,T
5102,sequence,A
5103,sequence,G
5104,sequence,A
5105,sequence,G
5106,sequence,G
5107,sequence,G
5108,sequence,A
5109,sequence,C
5110,sequence,A
5111,sequence,A
5112,sequence,G
5113,sequence,T
5114,sequence,G
5115,sequence,G
5116,sequence,C
5117,sequence,G
5118,sequence,T
5119,sequence,T
5120,sequence,C
5121,sequence,A
5122,sequence,G
5123,sequence,C
5124,sequence,C
5125,sequence,A
5126,sequence,C
5127,sequence,C
5128,sequence,C
5129,sequence,G
5130,sequence,A
5131,sequence,G
5132,sequence,A
5133,sequence,T
5134,sequence,T
5135,sequence,G
5136,sequence,A
5137,sequence,G
5138,sequence,C
5139,sequence,A
5140,sequence,A
5141,sequence,T
5142,sequence,A
5143,sequence,A
5144,sequence,C
5145,sequence,A
5146,sequence,G
5147,sequence,G
5148,sequence,T
5149,sequence,C
5150,sequence,T
5151,sequence,G
5152,sequence,T
5153,sequence,G
5154,sequence,A
5155,sequence,T
5156,sequence,G
5157,sequence,C
5158,sequence,C
5159,sequence,C
5160,sequence,T
5161,sequence,T
5162,sequence,A
5163,sequence,G
5164,sequence,A
5165,sequence,T
5166,sequence,G
5167,sequence,T
5168,sequence,C
5169,sequence,C
5170,sequence,G
5171,sequence,G
5172,sequence,G
5173,sequence,G
5174,sequence,C
5175,sequence,T
5176,sequence,G
5177,sequence,C
5178,sequence,A
5179,sequence,C
5180,sequence,G
5181,sequence,C
5182,sequence,G
5183,sequence,C
5184,sequence,G
5185,sequence,C
5186,sequence,T
5187,sequence,A
5188,sequence,C
5189,sequence,A
5190,sequence,C
5191,sequence,T
5192,sequence,G
5193,sequence,A
5194,sequence,C
5195,sequence,T
5196,sequence,G
5197,sequence,G
5198,sequence,C
5199,sequence,T
5200,sequence,C
5201,sequence,A
5202,sequence,G
5203,sequence,C
5204,sequence,G
5205,sequence,T
5206,sequence,G
5207,sequence,T
5208,sequence,G
5209,sequence,C
5210,sequence,C
5211,sequence,T
5212,sequence,A
5213,sequence,C
5214,sequence,C
5215,sequence,C
5216,sequence,T
5217,sequence,A
5218,sequence,C
5219,sequence,G
5220,sequence,C
5221,sequence,C
5222,sequence,G
5223,sequence,G
5224,sequence,C
5225,sequence,A
5226,sequence,G
5227,sequence,G
5228,sequence,C
5229,sequence,G
5230,sequence,C
5231,sequence,G
5232,sequence,G
5233,sequence,G
5234,sequence,T
5235,sequence,A
5236,sequence,A
5237,sequence,C
5238,sequence,C
5239,sequence,C
5240,sequence,G
5241,sequence,T
5242,sequence,T
5243,sequence,G
5244,sequence,A
5245,sequence,A
5246,sequence,C
5247,sequence,C
5248,sequence,C
5249,sequence,C
5250,sequence,A
5251,sequence,T
5252,sequence,T
5253,sequence,C
5254,sequence,G
5255,sequence,T
5256,sequence,G
5257,sequence,A
5258,sequence,T
5259,sequence,G
5260,sequence,G
5261,sequence,G
5262,sequence,G
5263,sequence,A
5264,sequence,T
5265,sequence,C
5266,sequence,G
5267,sequence,G
5268,sequence,G
5269,sequence,G
5270,sequence,A
5271,sequence,T
5272,sequence,T
5273,sequence,G
5274,sequence,C
5275,sequence,A
5276,sequence,A
5277,sequence,T
5278,sequence,T
5279,sequence,A
5280,sequence,T
5281,sequence,T
5282,sequence,C
5283,sequence,C
5284,sequence,C
5285,sequence,C
5286,sequence,A
5287,sequence,T
5288,sequence,G
5289,sequence,A
5290,sequence,A
5291,sequence,C
5292,sequence,G
5293,sequence,A
5294,sequence,0
5295,sequence,G
5296,sequence,G
5297,sequence,A
5298,sequence,A
5299,sequence,T
5300,sequence,T
5301,sequence,C
5302,sequence,C
5303,sequence,C
5304,sequence,0
5305,sequence,A
5306,sequence,G
5307,sequence,T
5308,sequence,A
5309,sequence,A
5310,sequence,G
5311,sequence,T
5312,sequence,G
5313,sequence,C
5314,sequence,G
5315,sequence,G
5316,sequence,G
5317,sequence,T
5318,sequence,C
5319,sequence,A
5320,sequence,T
5321,sequence,A
5322,sequence,A
5323,sequence,G
5324,sequence,C
5325,sequence,T
5326,sequence,T
5327,sequence,G
5328,sequence,C
5329,sequence,G
5330,sequence,T
5331,sequence,T
5332,sequence,G
5333,sequence,A
5334,sequence,T
5335,sequence,T
5336,sequence,A
5337,sequence,A
5338,sequence,G
5339,sequence,T
5340,sequence,C
5341,sequence,C
5342,sequence,C
5343,sequence,T
5344,sequence,G
5345,sequence,C
5346,sequence,C
5347,sequence,C
5348,sequence,T
5349,sequence,T
5350,sequence,T
5351,sequence,G
5352,sequence,T
5353,sequence,A
5354,sequence,C
5355,sequence,A
5356,sequence,C
5357,sequence,A
5358,sequence,C
5359,sequence,C
5360,sequence,G
5361,sequence,C
5362,sequence,C
5363,sequence,C
5364,sequence,G
5365,sequence,T
5366,sequence,C
5367,sequence,G
5368,sequence,C
5369,sequence,T
5370,sequence,A
5371,sequence,C
5372,sequence,T
5373,sequence,A
5374,sequence,C
5375,sequence,C
5376,sequence,G
5377,sequence,A
5378,sequence,T
5379,sequence,T
5380,sequence,G
5381,sequence,G
5382,sequence,A
5383,sequence,T
5384,sequence,G
5385,sequence,G
5386,sequence,T
5387,sequence,T
5388,sequence,T
5389,sequence,A
5390,sequence,G
5391,sequence,T
5392,sequence,G
5393,sequence,A
5394,sequence,G
5395,sequence,G
5396,sequence,C
5397,sequence,C
5398,sequence,C
5399,sequence,T
5400,sequence,C
5401,sequence,G
5402,sequence,G
5403,sequence,A
5404,sequence,T
5405,sequence,C
5406,sequence,G
5407,sequence,G
5408,sequence,C
5409,sequence,C
5410,sequence,C
5411,sequence,C
5412,sequence,G
5413,sequence,C
5414,sequence,C
5415,sequence,G
5416,sequence,G
5417,sequence,G
5418,sequence,G
5419,sequence,T
5420,sequence,C
5421,sequence,G
5422,sequence,G
5423,sequence,C
5424,sequence,C
5425,sequence,C
5426,sequence,A
5427,sequence,C
5428,sequence,G
5429,sequence,G
5430,sequence,C
5431,sequence,C
5432,sequence,C
5433,sequence,T
5434,sequence,G
5435,sequence,G
5436,sequence,C
5437,sequence,G
5438,sequence,G
5439,sequence,A
5440,sequence,G
5441,sequence,C
5442,sequence,G
5443,sequence,C
5444,sequence,T
5445,sequence,G
5446,sequence,A
5447,sequence,G
5448,sequence,A
5449,sequence,A
5450,sequence,G
5451,sequence,A
5452,sequence,C
5453,sequence,G
5454,sequence,G
5455,sequence,T
5456,sequence,C
5457,sequence,G
5458,sequence,A
5459,sequence,A
5460,sequence,C
5461,sequence,T
5462,sequence,T
5463,sequence,G
5464,sequence,A
5465,sequence,C
5466,sequence,T
5467,sequence,A
5468,sequence,T
5469,sequence,C
5470,sequence,T
5471,sequence,A
5472,sequence,G
5473,sequence,A
5474,sequence,G
5475,sequence,G
5476,sequence,A
5477,sequence,A
5478,sequence,G
5479,sequence,T
5480,sequence,A
5481,sequence,A
5482,sequence,A
5483,sequence,A
5484,sequence,G
5485,sequence,T
5486,sequence,C
5487,sequence,G
5488,sequence,T
5489,sequence,A
5490,sequence,A
5491,sequence,C
5492,sequence,A
5493,sequence,A
5494,sequence,G
5495,sequence,G
5496,sequence,T
5497,sequence,T
5498,sequence,T
5499,sequence,C
5500,sequence,C
5501,sequence,G
5502,sequence,T
5503,sequence,A
5504,sequence,G
5505,sequence,G
5506,sequence,T
5507,sequence,G
5508,sequence,A
5509,sequence,A
5510,sequence,C
5511,sequence,C
5512,sequence,T
5513,sequence,G
5514,sequence,C
5515,sequence,G
5516,sequence,G
5517,sequence,A
5518,sequence,A
5519,sequence,G
5520,sequence,G
5521,sequence,A
5522,sequence,T
5523,sequence,C
5524,sequence,A
5525,sequence,T
5526,sequence,T
5527,sequence,A
5528,sequence,A
5529,sequence,C
5530,sequence,G
5531,sequence,G
5532,sequence,A
5533,sequence,G
5534,sequence,C
5535,sequence,C
5536,sequence,C
5537,sequence,G
5538,sequence,G
5539,sequence,A
5540,sequence,G
5541,sequence,G
5542,sequence,G
5543,sequence,C
5544,sequence,G
5545,sequence,A
5546,sequence,G
5547,sequence,G
5548,sequence,C
5549,sequence,C
5550,sequence,C
5551,sequence,G
5552,sequence,C
5553,sequence,G
5554,sequence,G
5555,sequence,C
5556,sequence,G
5557,sequence,G
5558,sequence,C
5559,sequence,G
5560,sequence,C
5561,sequence,C
5562,sequence,G
5563,sequence,C
5564,sequence,C
5565,sequence,G
5566,sequence,C
5567,sequence,C
5568,sequence,G
5569,sequence,C
5570,sequence,C
5571,sequence,G
5572,sequence,C
5573,sequence,G
5574,sequence,C
5575,sequence,G
5576,sequence,C
5577,sequence,T
5578,sequence,T
5579,sequence,C
5580,sequence,C
5581,sequence,C
5582,sequence,T
5583,sequence,C
5584,sequence,C
5585,sequence,G
5586,sequence,C
5587,sequence,A
5588,sequence,C
5589,sequence,A
5590,sequence,C
5591,sequence,C
5592,sequence,C
5593,sequence,A
5594,sequence,C
5595,sequence,C
5596,sequence,C
5597,sequence,C
5598,sequence,C
5599,sequence,C
5600,sequence,C
5601,sequence,A
5602,sequence,C
5603,sequence,C
5604,sequence,G
5605,sequence,C
5606,sequence,G
5607,sequence,A
5608,sequence,C
5609,sequence,G
5610,sequence,C
5611,sequence,G
5612,sequence,G
5613,sequence,C
5614,sequence,G
5615,sequence,C
5616,sequence,G
5617,sequence,T
5618,sequence,G
5619,sequence,C
5620,sequence,G
5621,sequence,C
5622,sequence,G
5623,sequence,G
5624,sequence,G
5625,sequence,C
5626,sequence,G
5627,sequence,G
5628,sequence,G
5629,sequence,G
5630,sequence,C
5631,sequence,C
5632,sequence,C
5633,sequence,G
5634,sequence,C
5635,sequence,G
5636,sequence,T
5637,sequence,G
5638,sequence,C
5639,sequence,C
5640,sequence,C
5641,sequence,G
5642,sequence,T
5643,sequence,T
5644,sequence,C
5645,sequence,G
5646,sequence,T
5647,sequence,T
5648,sequence,C
5649,sequence,G
5650,sequence,C
5651,sequence,T
5652,sequence,C
5653,sequence,G
5654,sequence,C
5655,sequence,T
5656,sequence,C
5657,sequence,G
5658,sequence,T
5659,sequence,T
5660,sequence,C
5661,sequence,G
5662,sequence,T
5663,sequence,T
5664,sequence,C
5665,sequence,G
5666,sequence,C
5667,sequence,C
5668,sequence,G
5669,sequence,C
5670,sequence,C
5671,sequence,C
5672,sequence,G
5673,sequence,G
5674,sequence,C
5675,sequence,C
5676,sequence,C
5677,sequence,C
5678,sequence,G
5679,sequence,C
5680,sequence,CG
5681,sequence,G
5682,sequence,C
5683,sequence,C
5684,sequence,G
5685,sequence,C
5686,sequence,G
5687,sequence,A
5688,sequence,G
5689,sequence,A
5690,sequence,G
5691,sequence,C
5692,sequence,CG
5693,sequence,G
5694,sequence,A
5695,sequence,G
5696,sequence,A
5697,sequence,A
5698,sequence,C
5699,sequence,T
5700,sequence,C
5701,sequence,G
5702,sequence,G
5703,sequence,G
5704,sequence,A
5705,sequence,G
5706,sequence,G
5707,sequence,G
5708,sequence,A
5709,sequence,G
5710,sequence,A
5711,sequence,C
5712,sequence,G
5713,sequence,G
5714,sequence,G
5715,sequence,G
5716,sequence,G
5717,sequence,G
5718,sequence,G
5719,sequence,A
5720,sequence,G
5721,sequence,A
5722,sequence,G
5723,sequence,A
5724,sequence,G
5725,sequence,A
5726,sequence,G
5727,sequence,A
5728,sequence,G
5729,sequence,A
5730,sequence,G
5731,sequence,A
5732,sequence,G
5733,sequence,A
5734,sequence,G
5735,sequence,A
5736,sequence,G
5737,sequence,A
5738,sequence,G
5739,sequence,A
5740,sequence,G
5741,sequence,A
5742,sequence,G
5743,sequence,A
5744,sequence,G
5745,sequence,A
5746,sequence,G
5747,sequence,A
5748,sequence,G
5749,sequence,A
5750,sequence,G
5751,sequence,A
5752,sequence,G
5753,sequence,A
5754,sequence,G
5755,sequence,A
5756,sequence,G
5757,sequence,A
5758,sequence,G
5759,sequence,A
5760,sequence,A
5761,sequence,A
5762,sequence,G
5763,sequence,A
5764,sequence,A
5765,sequence,G
5766,sequence,G
5767,sequence,G
5768,sequence,C
5769,sequence,G
5770,sequence,T
5771,sequence,G
5772,sequence,T
5773,sequence,C
5774,sequence,G
5775,sequence,T
5776,sequence,T
5777,sequence,G
5778,sequence,G
5779,sequence,T
5780,sequence,G
5781,sequence,T
5782,sequence,G
5783,sequence,C
5784,sequence,G
5785,sequence,C
5786,sequence,G
5787,sequence,T
5788,sequence,G
5789,sequence,T
5790,sequence,C
5791,sequence,G
5792,sequence,T
5793,sequence,G
5794,sequence,G
5795,sequence,G
5796,sequence,G
5797,sequence,C
5798,sequence,C
5799,sequence,G
5800,sequence,G
5801,sequence,C
5802,sequence,G
5803,sequence,G
5804,sequence,G
5805,sequence,C
5806,sequence,G
5807,sequence,G
5808,sequence,C
5809,sequence,G
5810,sequence,G
5811,sequence,G
5812,sequence,G
5813,sequence,A
5814,sequence,G
5815,sequence,C
5816,sequence,G
5817,sequence,G
5818,sequence,T
5819,sequence,C
5820,sequence,C
5821,sequence,C
5822,sequence,C
5823,sequence,G
5824,sequence,G
5825,sequence,C
5826,sequence,C
5827,sequence,G
5828,sequence,C
5829,sequence,G
5830,sequence,G
5831,sequence,C
5832,sequence,C
5833,sequence,C
5834,sequence,C
5835,sequence,G
5836,sequence,A
5837,sequence,C
5838,sequence,G
5839,sequence,G
5840,sequence,C
5841,sequence,G
5842,sequence,T
5843,sequence,G
5844,sequence,G
5845,sequence,G
5846,sequence,T
5847,sequence,G
5848,sequence,T
5849,sequence,C
5850,sequence,G
5851,sequence,G
5852,sequence,C
5853,sequence,G
5854,sequence,G
5855,sequence,G
5856,sequence,C
5857,sequence,G
5858,sequence,C
5859,sequence,G
5860,sequence,G
5861,sequence,G
5862,sequence,G
5863,sequence,G
5864,sequence,C
5865,sequence,G
5866,sequence,G
5867,sequence,T
5868,sequence,T
5869,sequence,C
5870,sequence,T
5871,sequence,C
5872,sequence,G
5873,sequence,G
5874,sequence,C
5875,sequence,G
5876,sequence,G
5877,sequence,C
5878,sequence,G
5879,sequence,T
5880,sequence,C
5881,sequence,G
5882,sequence,C
5883,sequence,G
5884,sequence,G
5885,sequence,C
5886,sequence,G
5887,sequence,G
5888,sequence,G
5889,sequence,T
5890,sequence,C
5891,sequence,T
5892,sequence,G
5893,sequence,G
5894,sequence,G
5895,sequence,G
5896,sequence,G
5897,sequence,G
5898,sequence,G
5899,sequence,T
5900,sequence,C
5901,sequence,T
5902,sequence,C
5903,sequence,G
5904,sequence,G
5905,sequence,T
5906,sequence,G
5907,sequence,C
5908,sequence,C
5909,sequence,C
5910,sequence,T
5911,sequence,C
5912,sequence,C
5913,sequence,T
5914,sequence,C
5915,sequence,C
5916,sequence,C
5917,sequence,C
5918,sequence,G
5919,sequence,C
5920,sequence,C
5921,sequence,G
5922,sequence,G
5923,sequence,G
5924,sequence,G
5925,sequence,C
5926,sequence,C
5927,sequence,C
5928,sequence,G
5929,sequence,T
5930,sequence,C
5931,sequence,G
5932,sequence,T
5933,sequence,C
5934,sequence,C
5935,sequence,G
5936,sequence,G
5937,sequence,C
5938,sequence,C
5939,sequence,C
5940,sequence,C
5941,sequence,G
5942,sequence,C
5943,sequence,C
5944,sequence,G
5945,sequence,C
5946,sequence,G
5947,sequence,C
5948,sequence,C
5949,sequence,G
5950,sequence,G
5951,sequence,C
5952,sequence,T
5953,sequence,C
5954,sequence,C
5955,sequence,C
5956,sequence,C
5957,sequence,G
5958,sequence,T
5959,sequence,C
5960,sequence,T
5961,sequence,T
5962,sequence,C
5963,sequence,G
5964,sequence,G
5965,sequence,G
5966,sequence,G
5967,sequence,C
5968,sequence,C
5969,sequence,G
5970,sequence,G
5971,sequence,C
5972,sequence,C
5973,sequence,G
5974,sequence,G
5975,sequence,A
5976,sequence,T
5977,sequence,T
5978,sequence,C
5979,sequence,C
5980,sequence,C
5981,sequence,G
5982,sequence,T
5983,sequence,C
5984,sequence,G
5985,sequence,C
5986,sequence,C
5987,sequence,T
5988,sequence,C
5989,sequence,C
5990,sequence,G
5991,sequence,C
5992,sequence,C
5993,sequence,G
5994,sequence,C
5995,sequence,G
5996,sequence,C
5997,sequence,C
5998,sequence,G
5999,sequence,C
6000,sequence,T
6001,sequence,C
6002,sequence,C
6003,sequence,G
6004,sequence,C
6005,sequence,G
6006,sequence,C
6007,sequence,C
6008,sequence,G
6009,sequence,C
6010,sequence,C
6011,sequence,G
6012,sequence,G
6013,sequence,G
6014,sequence,C
6015,sequence,A
6016,sequence,C
6017,sequence,G
6018,sequence,G
6019,sequence,C
6020,sequence,C
6021,sequence,C
6022,sequence,C
6023,sequence,G
6024,sequence,C
6025,sequence,T
6026,sequence,C
6027,sequence,G
6028,sequence,C
6029,sequence,T
6030,sequence,C
6031,sequence,T
6032,sequence,C
6033,sequence,C
6034,sequence,C
6035,sequence,C
6036,sequence,G
6037,sequence,G
6038,sequence,C
6039,sequence,C
6040,sequence,T
6041,sequence,T
6042,sequence,C
6043,sequence,C
6044,sequence,C
6045,sequence,G
6046,sequence,C
6047,sequence,T
6048,sequence,A
6049,sequence,G
6050,sequence,G
6051,sequence,G
6052,sequence,C
6053,sequence,G
6054,sequence,T
6055,sequence,C
6056,sequence,T
6057,sequence,C
6058,sequence,G
6059,sequence,A
6060,sequence,G
6061,sequence,G
6062,sequence,G
6063,sequence,T
6064,sequence,C
6065,sequence,G
6066,sequence,G
6067,sequence,G
6068,sequence,G
6069,sequence,G
6070,sequence,C
6071,sequence,C
6072,sequence,G
6073,sequence,G
6074,sequence,A
6075,sequence,C
6076,sequence,G
6077,sequence,C
6078,sequence,C
6079,sequence,G
6080,sequence,G
6081,sequence,T
6082,sequence,C
6083,sequence,C
6084,sequence,C
6085,sequence,C
6086,sequence,T
6087,sequence,C
6088,sequence,C
6089,sequence,C
6090,sequence,C
6091,sequence,C
6092,sequence,G
6093,sequence,C
6094,sequence,C
6095,sequence,T
6096,sequence,C
6097,sequence,C
6098,sequence,T
6099,sequence,C
6100,sequence,G
6101,sequence,T
6102,sequence,C
6103,sequence,C
6104,sequence,G
6105,sequence,C
6106,sequence,C
6107,sequence,C
6108,sequence,C
6109,sequence,C
6110,sequence,C
6111,sequence,C
6112,sequence,G
6113,sequence,C
6114,sequence,C
6115,sequence,G
6116,sequence,T
6117,sequence,C
6118,sequence,C
6119,sequence,A
6120,sequence,G
6121,sequence,G
6122,sequence,T
6123,sequence,A
6124,sequence,C
6125,sequence,C
6126,sequence,T
6127,sequence,A
6128,sequence,G
6129,sequence,C
6130,sequence,G
6131,sequence,C
6132,sequence,G
6133,sequence,T
6134,sequence,T
6135,sequence,C
6136,sequence,C
6137,sequence,G
6138,sequence,G
6139,sequence,C
6140,sequence,G
6141,sequence,C
6142,sequence,G
6143,sequence,G
6144,sequence,A
6145,sequence,G
6146,sequence,G
6147,sequence,T
6148,sequence,T
6149,sequence,T
6150,sequence,A
6151,sequence,A
6152,sequence,A
6153,sequence,G
6154,sequence,A
6155,sequence,C
6156,sequence,C
6157,sequence,C
6158,sequence,C
6159,sequence,T
6160,sequence,T
6161,sequence,G
6162,sequence,G
6163,sequence,G
6164,sequence,G
6165,sequence,G
6166,sequence,G
6167,sequence,A
6168,sequence,T
6169,sequence,C
6170,sequence,G
6171,sequence,C
6172,sequence,C
6173,sequence,C
6174,sequence,G
6175,sequence,T
6176,sequence,C
6177,sequence,C
6178,sequence,G
6179,sequence,C
6180,sequence,C
6181,sequence,C
6182,sequence,G
6183,sequence,T
6184,sequence,G
6185,sequence,G
6186,sequence,G
6187,sequence,T
6188,sequence,C
6189,sequence,G
6190,sequence,G
6191,sequence,G
6192,sequence,G
6193,sequence,G
6194,sequence,C
6195,sequence,G
6196,sequence,G
6197,sequence,T
6198,sequence,G
6199,sequence,G
6200,sequence,T
6201,sequence,G
6202,sequence,G
6203,sequence,G
6204,sequence,C
6205,sequence,C
6206,sequence,C
6207,sequence,G
6208,sequence,C
6209,sequence,G
6210,sequence,G
6211,sequence,G
6212,sequence,G
6213,sequence,G
6214,sequence,A
6215,sequence,G
6216,sequence,T
6217,sequence,C
6218,sequence,C
6219,sequence,C
6220,sequence,G
6221,sequence,T
6222,sequence,C
6223,sequence,G
6224,sequence,G
6225,sequence,G
6226,sequence,A
6227,sequence,G
6228,sequence,G
6229,sequence,G
6230,sequence,G
6231,sequence,C
6232,sequence,C
6233,sequence,C
6234,sequence,G
6235,sequence,G
6236,sequence,C
6237,sequence,C
6238,sequence,C
6239,sequence,C
6240,sequence,T
6241,sequence,C
6242,sequence,C
6243,sequence,C
6244,sequence,G
6245,sequence,C
6246,sequence,G
6247,sequence,C
6248,sequence,C
6249,sequence,T
6250,sequence,C
6251,sequence,C
6252,sequence,A
6253,sequence,C
6254,sequence,C
6255,sequence,G
6256,sequence,C
6257,sequence,G
6258,sequence,G
6259,sequence,A
6260,sequence,C
6261,sequence,T
6262,sequence,C
6263,sequence,C
6264,sequence,G
6265,sequence,C
6266,sequence,T
6267,sequence,C
6268,sequence,C
6269,sequence,C
6270,sequence,C
6271,sequence,G
6272,sequence,G
6273,sequence,C
6274,sequence,C
6275,sequence,G
6276,sequence,G
6277,sequence,G
6278,sequence,G
6279,sequence,C
6280,sequence,C
6281,sequence,G
6282,sequence,C
6283,sequence,G
6284,sequence,C
6285,sequence,C
6286,sequence,G
6287,sequence,C
6288,sequence,C
6289,sequence,G
6290,sequence,C
6291,sequence,C
6292,sequence,G
6293,sequence,C
6294,sequence,C
6295,sequence,G
6296,sequence,C
6297,sequence,C
6298,sequence,G
6299,sequence,C
6300,sequence,G
6301,sequence,G
6302,sequence,C
6303,sequence,G
6304,sequence,G
6305,sequence,C
6306,sequence,C
6307,sequence,G
6308,sequence,T
6309,sequence,C
6310,sequence,G
6311,sequence,G
6312,sequence,G
6313,sequence,T
6314,sequence,G
6315,sequence,G
6316,sequence,G
6317,sequence,G
6318,sequence,G
6319,sequence,C
6320,sequence,T
6321,sequence,T
6322,sequence,T
6323,sequence,A
6324,sequence,C
6325,sequence,C
6326,sequence,C
6327,sequence,G
6328,sequence,G
6329,sequence,C
6330,sequence,G
6331,sequence,G
6332,sequence,C
6333,sequence,C
6334,sequence,G
6335,sequence,T
6336,sequence,C
6337,sequence,G
6338,sequence,C
6339,sequence,G
6340,sequence,C
6341,sequence,G
6342,sequence,C
6343,sequence,C
6344,sequence,T
6345,sequence,G
6346,sequence,C
6347,sequence,C
6348,sequence,G
6349,sequence,C
6350,sequence,G
6351,sequence,C
6352,sequence,G
6353,sequence,T
6354,sequence,G
6355,sequence,T
6356,sequence,G
6357,sequence,G
6358,sequence,C
6359,sequence,G
6360,sequence,T
6361,sequence,G
6362,sequence,C
6363,sequence,G
6364,sequence,C
6365,sequence,C
6366,sequence,C
6367,sequence,C
6368,sequence,G
6369,sequence,C
6370,sequence,G
6371,sequence,C
6372,sequence,C
6373,sequence,G
6374,sequence,T
6375,sequence,G
6376,sequence,G
6377,sequence,G
6378,sequence,G
6379,sequence,G
6380,sequence,C
6381,sequence,G
6382,sequence,G
6383,sequence,G
6384,sequence,A
6385,sequence,A
6386,sequence,C
6387,sequence,C
6388,sequence,C
6389,sequence,C
6390,sequence,C
6391,sequence,G
6392,sequence,G
6393,sequence,G
6394,sequence,C
6395,sequence,G
6396,sequence,C
6397,sequence,C
6398,sequence,T
6399,sequence,G
6400,sequence,T
6401,sequence,G
6402,sequence,G
6403,sequence,G
6404,sequence,G
6405,sequence,T
6406,sequence,G
6407,sequence,G
6408,sequence,T
6409,sequence,G
6410,sequence,T
6411,sequence,C
6412,sequence,C
6413,sequence,G
6414,sequence,C
6415,sequence,G
6416,sequence,C
6417,sequence,T
6418,sequence,C
6419,sequence,G
6420,sequence,C
6421,sequence,C
6422,sequence,C
6423,sequence,C
6424,sequence,C
6425,sequence,G
6426,sequence,C
6427,sequence,G
6428,sequence,T
6429,sequence,G
6430,sequence,G
6431,sequence,G
6432,sequence,C
6433,sequence,G
6434,sequence,G
6435,sequence,C
6436,sequence,G
6437,sequence,C
6438,sequence,G
6439,sequence,C
6440,sequence,G
6441,sequence,C
6442,sequence,C
6443,sequence,T
6444,sequence,C
6445,sequence,C
6446,sequence,C
6447,sequence,C
6448,sequence,G
6449,sequence,T
6450,sequence,G
6451,sequence,G
6452,sequence,T
6453,sequence,G
6454,sequence,T
6455,sequence,G
6456,sequence,A
6457,sequence,A
6458,sequence,A
6459,sequence,C
6460,sequence,C
6461,sequence,T
6462,sequence,T
6463,sequence,C
6464,sequence,C
6465,sequence,G
6466,sequence,A
6467,sequence,C
6468,sequence,C
6469,sequence,C
6470,sequence,C
6471,sequence,T
6472,sequence,C
6473,sequence,T
6474,sequence,C
6475,sequence,C
6476,sequence,G
6477,sequence,G
6478,sequence,A
6479,sequence,G
6480,sequence,T
6481,sequence,C
6482,sequence,C
6483,sequence,G
6484,sequence,G
6485,sequence,T
6486,sequence,C
6487,sequence,C
6488,sequence,C
6489,sequence,G
6490,sequence,T
6491,sequence,T
6492,sequence,T
6493,sequence,G
6494,sequence,C
6495,sequence,T
6496,sequence,G
6497,sequence,T
6498,sequence,C
6499,sequence,T
6500,sequence,C
6501,sequence,G
6502,sequence,T
6503,sequence,C
6504,sequence,T
6505,sequence,G
6506,sequence,G
6507,sequence,C
6508,sequence,C
6509,sequence,G
6510,sequence,G
6511,sequence,C
6512,sequence,C
6513,sequence,T
6514,sequence,G
6515,sequence,A
6516,sequence,G
6517,sequence,G
6518,sequence,C
6519,sequence,A
6520,sequence,A
6521,sequence,C
6522,sequence,C
6523,sequence,C
6524,sequence,C
6525,sequence,C
6526,sequence,T
6527,sequence,C
6528,sequence,T
6529,sequence,C
6530,sequence,C
6531,sequence,T
6532,sequence,C
6533,sequence,T
6534,sequence,T
6535,sequence,G
6536,sequence,G
6537,sequence,G
6538,sequence,C
6539,sequence,G
6540,sequence,G
6541,sequence,G
6542,sequence,G
6543,sequence,G
6544,sequence,G
6545,sequence,G
6546,sequence,G
6547,sequence,C
6548,sequence,G
6549,sequence,G
6550,sequence,G
6551,sequence,G
6552,sequence,G
6553,sequence,G
6554,sequence,A
6555,sequence,C
6556,sequence,G
6557,sequence,T
6558,sequence,G
6559,sequence,C
6560,sequence,C
6561,sequence,G
6562,sequence,C
6563,sequence,G
6564,sequence,C
6565,sequence,C
6566,sequence,A
6567,sequence,G
6568,sequence,G
6569,sequence,A
6570,sequence,A
6571,sequence,G
6572,sequence,G
6573,sequence,G
6574,sequence,C
6575,sequence,C
6576,sequence,T
6577,sequence,C
6578,sequence,C
6579,sequence,T
6580,sequence,C
6581,sequence,C
6582,sequence,C
6583,sequence,G
6584,sequence,G
6585,sequence,T
6586,sequence,G
6587,sequence,C
6588,sequence,G
6589,sequence,T
6590,sequence,C
6591,sequence,G
6592,sequence,T
6593,sequence,C
6594,sequence,G
6595,sequence,G
6596,sequence,G
6597,sequence,A
6598,sequence,G
6599,sequence,C
6600,sequence,G
6601,sequence,C
6602,sequence,C
6603,sequence,C
6604,sequence,T
6605,sequence,C
6606,sequence,G
6607,sequence,C
6608,sequence,C
6609,sequence,A
6610,sequence,A
6611,sequence,A
6612,sequence,T
6613,sequence,C
6614,sequence,G
6615,sequence,A
6616,sequence,C
6617,sequence,C
6618,sequence,T
6619,sequence,C
6620,sequence,G
6621,sequence,T
6622,sequence,A
6623,sequence,C
6624,sequence,G
6625,sequence,A
6626,sequence,C
6627,sequence,T
6628,sequence,C
6629,sequence,T
6630,sequence,T
6631,sequence,A
6632,sequence,G
6633,sequence,C
6634,sequence,G
6635,sequence,G
6636,sequence,T
6637,sequence,G
6638,sequence,G
6639,sequence,A
6640,sequence,T
6641,sequence,C
6642,sequence,A
6643,sequence,C
6644,sequence,T
6645,sequence,C
6646,sequence,G
6647,sequence,G
6648,sequence,C
6649,sequence,T
6650,sequence,C
6651,sequence,G
6652,sequence,T
6653,sequence,G
6654,sequence,C
6655,sequence,G
6656,sequence,T
6657,sequence,C
6658,sequence,G
6659,sequence,A
6660,sequence,T
6661,sequence,G
6662,sequence,A
6663,sequence,A
6664,sequence,G
6665,sequence,A
6666,sequence,A
6667,sequence,C
6668,sequence,G
6669,sequence,C
6670,sequence,A
6671,sequence,G
6672,sequence,C
6673,sequence,T
6674,sequence,A
6675,sequence,G
6676,sequence,C
6677,sequence,T
6678,sequence,G
6679,sequence,C
6680,sequence,G
6681,sequence,A
6682,sequence,G
6683,sequence,A
6684,sequence,A
6685,sequence,T
6686,sequence,T
6687,sequence,A
6688,sequence,A
6689,sequence,T
6690,sequence,G
6691,sequence,T
6692,sequence,G
6693,sequence,A
6694,sequence,A
6695,sequence,T
6696,sequence,T
6697,sequence,G
6698,sequence,C
6699,sequence,A
6700,sequence,G
6701,sequence,G
6702,sequence,A
6703,sequence,C
6704,sequence,A
6705,sequence,C
6706,sequence,A
6707,sequence,T
6708,sequence,T
6709,sequence,G
6710,sequence,A
6711,sequence,T
6712,sequence,C
6713,sequence,A
6714,sequence,T
6715,sequence,C
6716,sequence,G
6717,sequence,A
6718,sequence,C
6719,sequence,A
6720,sequence,C
6721,sequence,T
6722,sequence,T
6723,sequence,C
6724,sequence,G
6725,sequence,A
6726,sequence,A
6727,sequence,C
6728,sequence,G
6729,sequence,C
6730,sequence,A
6731,sequence,C
6732,sequence,T
6733,sequence,T
6734,sequence,G
6735,sequence,C
6736,sequence,G
6737,sequence,G
6738,sequence,C
6739,sequence,C
6740,sequence,C
6741,sequence,C
6742,sequence,G
6743,sequence,G
6744,sequence,G
6745,sequence,T
6746,sequence,T
6747,sequence,C
6748,sequence,C
6749,sequence,T
6750,sequence,C
6751,sequence,C
6752,sequence,C
6753,sequence,G
6754,sequence,G
6755,sequence,G
6756,sequence,G
6757,sequence,C
6758,sequence,T
6759,sequence,A
6760,sequence,C
6761,sequence,G
6762,sequence,C
6763,sequence,C
6764,sequence,T
6765,sequence,G
6766,sequence,T
6767,sequence,C
6768,sequence,T
6769,sequence,G
6770,sequence,A
6771,sequence,G
6772,sequence,C
6773,sequence,G
6774,sequence,T
6775,sequence,C
6776,sequence,G
6777,sequence,C
6778,sequence,T
6779,sequence,T
6780,sequence,G
6781,sequence,C
6782,sequence,C
6783,sequence,G
6784,sequence,A
6785,sequence,T
6786,sequence,C
6787,sequence,A
6788,sequence,A
6789,sequence,T
6790,sequence,C
6791,sequence,GC
6792,sequence,C
6793,sequence,C
6794,sequence,C
6795,sequence,C
6796,sequence,G
6797,sequence,G
6798,sequence,G
6799,sequence,G
6800,sequence,G
6801,sequence,T
6802,sequence,G
6803,sequence,C
6804,sequence,C
6805,sequence,T
6806,sequence,C
6807,sequence,C
6808,sequence,G
6809,sequence,G
6810,sequence,G
6811,sequence,C
6812,sequence,T
6813,sequence,C
6814,sequence,C
6815,sequence,T
6816,sequence,C
6817,sequence,G
6818,sequence,G
6819,sequence,G
6820,sequence,G
6821,sequence,T
6822,sequence,G
6823,sequence,C
6824,sequence,G
6825,sequence,C
6826,sequence,G
6827,sequence,G
6828,sequence,C
6829,sequence,T
6830,sequence,G
6831,sequence,G
6832,sequence,G
6833,sequence,G
6834,sequence,G
6835,sequence,T
6836,sequence,T
6837,sequence,C
6838,sequence,C
6839,sequence,C
6840,sequence,T
6841,sequence,C
6842,sequence,G
6843,sequence,C
6844,sequence,A
6845,sequence,G
6846,sequence,G
6847,sequence,G
6848,sequence,C
6849,sequence,C
6850,sequence,C
6851,sequence,G
6852,sequence,C
6853,sequence,C
6854,sequence,G
6855,sequence,G
6856,sequence,G
6857,sequence,G
6858,sequence,G
6859,sequence,C
6860,sequence,C
6861,sequence,C
6862,sequence,T
6863,sequence,C
6864,sequence,C
6865,sequence,G
6866,sequence,T
6867,sequence,C
6868,sequence,C
6869,sequence,C
6870,sequence,C
6871,sequence,C
6872,sequence,T
6873,sequence,A
6874,sequence,A
6875,sequence,G
6876,sequence,C
6877,sequence,G
6878,sequence,C
6879,sequence,A
6880,sequence,G
6881,sequence,A
6882,sequence,C
6883,sequence,C
6884,sequence,C
6885,sequence,G
6886,sequence,G
6887,sequence,C
6888,sequence,G
6889,sequence,G
6890,sequence,C
6891,sequence,G
6892,sequence,T
6893,sequence,C
6894,sequence,C
6895,sequence,G
6896,sequence,C
6897,sequence,C
6898,sequence,C
6899,sequence,T
6900,sequence,C
6901,sequence,C
6902,sequence,T
6903,sequence,C
6904,sequence,T
6905,sequence,T
6906,sequence,G
6907,sequence,C
6908,sequence,C
6909,sequence,G
6910,sequence,C
6911,sequence,C
6912,sequence,G
6913,sequence,C
6914,sequence,G
6915,sequence,C
6916,sequence,C
6917,sequence,C
6918,sequence,G
6919,sequence,C
6920,sequence,C
6921,sequence,C
6922,sequence,C
6923,sequence,T
6924,sequence,T
6925,sequence,C
6926,sequence,C
6927,sequence,C
6928,sequence,C
6929,sequence,C
6930,sequence,T
6931,sequence,C
6932,sequence,C
6933,sequence,C
6934,sequence,C
6935,sequence,C
6936,sequence,C
6937,sequence,G
6938,sequence,C
6939,sequence,G
6940,sequence,G
6941,sequence,G
6942,sequence,C
6943,sequence,C
6944,sequence,C
6945,sequence,T
6946,sequence,G
6947,sequence,C
6948,sequence,G
6949,sequence,T
6950,sequence,G
6951,sequence,G
6952,sequence,T
6953,sequence,C
6954,sequence,A
6955,sequence,C
6956,sequence,G
6957,sequence,C
6958,sequence,G
6959,sequence,T
6960,sequence,C
6961,sequence,G
6962,sequence,G
6963,sequence,G
6964,sequence,T
6965,sequence,G
6966,sequence,G
6967,sequence,C
6968,sequence,G
6969,sequence,G
6970,sequence,G
6971,sequence,G
6972,sequence,G
6973,sequence,G
6974,sequence,G
6975,sequence,A
6976,sequence,G
6977,sequence,A
6978,sequence,G
6979,sequence,G
6980,sequence,G
6981,sequence,G
6982,sequence,G
6983,sequence,G
6984,sequence,C
6985,sequence,G
6986,sequence,C
6987,sequence,G
6988,sequence,C
6989,sequence,C
6990,sequence,C
6991,sequence,G
6992,sequence,G
6993,sequence,C
6994,sequence,T
6995,sequence,G
6996,sequence,A
6997,sequence,G
6998,sequence,A
6999,sequence,G
7000,sequence,A
7001,sequence,G
7002,sequence,A
7003,sequence,C
7004,sequence,G
7005,sequence,G
7006,sequence,G
7007,sequence,G
7008,sequence,A
7009,sequence,G
7010,sequence,G
7011,sequence,G
7012,sequence,C
7013,sequence,G
7014,sequence,G
7015,sequence,C
7016,sequence,G
7017,sequence,C
7018,sequence,C
7019,sequence,G
7020,sequence,C
7021,sequence,C
7022,sequence,G
7023,sequence,C
7024,sequence,C
7025,sequence,GCCCGC
7026,sequence,G
7027,sequence,A
7028,sequence,A
7029,sequence,G
7030,sequence,A
7031,sequence,C
7032,sequence,G
7033,sequence,G
7034,sequence,A
7035,sequence,G
7036,sequence,A
7037,sequence,G
7038,sequence,G
7039,sequence,G
7040,sequence,A
7041,sequence,A
7042,sequence,A
7043,sequence,G
7044,sequence,A
7045,sequence,G
7046,sequence,A
7047,sequence,G
7048,sequence,A
7049,sequence,G
7050,sequence,C
7051,sequence,C
7052,sequence,G
7053,sequence,G
7054,sequence,C
7055,sequence,T
7056,sequence,C
7057,sequence,G
7058,sequence,G
7059,sequence,G
7060,sequence,C
7061,sequence,C
7062,sequence,G
7063,sequence,A
7064,sequence,G
7065,sequence,T
7066,sequence,T
7067,sequence,C
7068,sequence,C
7069,sequence,C
7070,sequence,G
7071,sequence,T
7072,sequence,G
7073,sequence,G
7074,sequence,C
7075,sequence,C
7076,sequence,G
7077,sequence,C
7078,sequence,C
7079,sequence,G
7080,sequence,C
7081,sequence,C
7082,sequence,T
7083,sequence,G
7084,sequence,C
7085,sequence,G
7086,sequence,G
7087,sequence,T
7088,sequence,C
7089,sequence,C
7090,sequence,G
7091,sequence,G
7092,sequence,G
7093,sequence,T
7094,sequence,T
7095,sequence,C
7096,sequence,C
7097,sequence,T
7098,sequence,C
7099,sequence,C
7100,sequence,C
7101,sequence,T
7102,sequence,C
7103,sequence,G
7104,sequence,G
7105,sequence,G
7106,sequence,G
7107,sequence,G
7108,sequence,G
7109,sequence,C
7110,sequence,T
7111,sequence,C
7112,sequence,C
7113,sequence,C
7114,sequence,T
7115,sequence,C
7116,sequence,G
7117,sequence,C
7118,sequence,G
7119,sequence,C
7120,sequence,C
7121,sequence,G
7122,sequence,C
7123,sequence,G
7124,sequence,C
7125,sequence,G
7126,sequence,C
7127,sequence,G
7128,sequence,G
7129,sequence,C
7130,sequence,T
7131,sequence,C
7132,sequence,G
7133,sequence,G
7134,sequence,G
7135,sequence,G
7136,sequence,T
7137,sequence,T
7138,sequence,C
7139,sequence,G
7140,sequence,G
7141,sequence,G
7142,sequence,G
7143,sequence,T
7144,sequence,T
7145,sequence,C
7146,sequence,G
7147,sequence,T
7148,sequence,C
7149,sequence,G
7150,sequence,G
7151,sequence,C
7152,sequence,C
7153,sequence,C
7154,sequence,C
7155,sequence,G
7156,sequence,G
7157,sequence,C
7158,sequence,C
7159,sequence,G
7160,sequence,G
7161,sequence,G
7162,sequence,T
7163,sequence,G
7164,sequence,G
7165,sequence,A
7166,sequence,A
7167,sequence,G
7168,sequence,G
7169,sequence,T
7170,sequence,C
7171,sequence,C
7172,sequence,C
7173,sequence,G
7174,sequence,T
7175,sequence,G
7176,sequence,C
7177,sequence,C
7178,sequence,C
7179,sequence,G
7180,sequence,T
7181,sequence,C
7182,sequence,G
7183,sequence,T
7184,sequence,C
7185,sequence,G
7186,sequence,T
7187,sequence,C
7188,sequence,G
7189,sequence,T
7190,sequence,C
7191,sequence,G
7192,sequence,T
7193,sequence,C
7194,sequence,G
7195,sequence,C
7196,sequence,G
7197,sequence,C
7198,sequence,G
7199,sequence,T
7200,sequence,C
7201,sequence,G
7202,sequence,T
7203,sequence,C
7204,sequence,G
7205,sequence,G
7206,sequence,C
7207,sequence,G
7208,sequence,G
7209,sequence,T
7210,sequence,G
7211,sequence,G
7212,sequence,G
7213,sequence,G
7214,sequence,G
7215,sequence,C
7216,sequence,G
7217,sequence,T
7218,sequence,G
7219,sequence,T
7220,sequence,T
7221,sequence,G
7222,sequence,C
7223,sequence,G
7224,sequence,T
7225,sequence,G
7226,sequence,C
7227,sequence,G
7228,sequence,G
7229,sequence,T
7230,sequence,G
7231,sequence,T
7232,sequence,G
7233,sequence,G
7234,sequence,T
7235,sequence,G
7236,sequence,G
7237,sequence,T
7238,sequence,G
7239,sequence,G
7240,sequence,G
7241,sequence,G
7242,sequence,G
7243,sequence,A
7244,sequence,G
7245,sequence,G
7246,sequence,A
7247,sequence,G
7248,sequence,G
7249,sequence,A
7250,sequence,A
7251,sequence,G
7252,sequence,G
7253,sequence,C
7254,sequence,G
7255,sequence,G
7256,sequence,G
7257,sequence,T
7258,sequence,C
7259,sequence,C
7260,sequence,G
7261,sequence,G
7262,sequence,A
7263,sequence,A
7264,sequence,G
7265,sequence,G
7266,sequence,G
7267,sequence,G
7268,sequence,A
7269,sequence,A
7270,sequence,G
7271,sequence,G
7272,sequence,G
7273,sequence,T
7274,sequence,G
7275,sequence,C
7276,sequence,C
7277,sequence,G
7278,sequence,G
7279,sequence,C
7280,sequence,G
7281,sequence,G
7282,sequence,G
7283,sequence,G
7284,sequence,A
7285,sequence,G
7286,sequence,A
7287,sequence,G
7288,sequence,A
7289,sequence,G
7290,sequence,G
7291,sequence,G
7292,sequence,T
7293,sequence,C
7294,sequence,G
7295,sequence,G
7296,sequence,G
7297,sequence,G
7298,sequence,G
7299,sequence,A
7300,sequence,G
7301,sequence,C
7302,sequence,G
7303,sequence,C
7304,sequence,G
7305,sequence,T
7306,sequence,C
7307,sequence,C
7308,sequence,C
7309,sequence,G
7310,sequence,G
7311,sequence,T
7312,sequence,C
7313,sequence,G
7314,sequence,C
7315,sequence,C
7316,sequence,G
7317,sequence,C
7318,sequence,G
7319,sequence,G
7320,sequence,T
7321,sequence,T
7322,sequence,0
7323,sequence,C
7324,sequence,G
7325,sequence,C
7326,sequence,C
7327,sequence,G
7328,sequence,C
7329,sequence,C
7330,sequence,C
7331,sequence,G
7332,sequence,C
7333,sequence,C
7334,sequence,C
7335,sequence,C
7336,sequence,C
7337,sequence,G
7338,sequence,G
7339,sequence,T
7340,sequence,G
7341,sequence,G
7342,sequence,C
7343,sequence,G
7344,sequence,G
7345,sequence,C
7346,sequence,C
7347,sequence,C
7348,sequence,G
7349,sequence,G
7350,sequence,C
7351,sequence,G
7352,sequence,T
7353,sequence,C
7354,sequence,C
7355,sequence,G
7356,sequence,G
7357,sequence,C
7358,sequence,C
7359,sequence,G
7360,sequence,A
7361,sequence,C
7362,sequence,C
7363,sequence,0
7364,sequence,G
7365,sequence,C
7366,sequence,C
7367,sequence,G
7368,sequence,C
7369,sequence,T
7370,sequence,0
7371,sequence,C
7372,sequence,C
7373,sequence,C
7374,sequence,G
7375,sequence,C
7376,sequence,G
7377,sequence,C
7378,sequence,C
7379,sequence,C
7380,sequence,C
7381,sequence,T
7382,sequence,C
7383,sequence,C
7384,sequence,T
7385,sequence,C
7386,sequence,C
7387,sequence,T
7388,sequence,C
7389,sequence,C
7390,sequence,C
7391,sequence,C
7392,sequence,G
7393,sequence,C
7394,sequence,C
7395,sequence,G
7396,sequence,C
7397,sequence,C
7398,sequence,C
7399,sequence,C
7400,sequence,T
7401,sequence,C
7402,sequence,C
7403,sequence,T
7404,sequence,C
7405,sequence,C
7406,sequence,G
7407,sequence,A
7408,sequence,G
7409,sequence,G
7410,sequence,C
7411,sequence,C
7412,sequence,C
7413,sequence,C
7414,sequence,G
7415,sequence,C
7416,sequence,C
7417,sequence,C
7418,sequence,G
7419,sequence,T
7420,sequence,C
7421,sequence,C
7422,sequence,T
7423,sequence,C
7424,sequence,C
7425,sequence,T
7426,sequence,C
7427,sequence,G
7428,sequence,C
7429,sequence,C
7430,sequence,C
7431,sequence,T
7432,sequence,C
7433,sequence,C
7434,sequence,C
7435,sequence,C
7436,sequence,G
7437,sequence,C
7438,sequence,G
7439,sequence,C
7440,sequence,G
7441,sequence,T
7442,sequence,A
7443,sequence,C
7444,sequence,G
7445,sequence,C
7446,sequence,G
7447,sequence,C
7448,sequence,G
7449,sequence,C
7450,sequence,G
7451,sequence,C
7452,sequence,G
7453,sequence,C
7454,sequence,C
7455,sequence,C
7456,sequence,G
7457,sequence,C
7458,sequence,C
7459,sequence,C
7460,sequence,G
7461,sequence,C
7462,sequence,C
7463,sequence,C
7464,sequence,G
7465,sequence,G
7466,sequence,C
7467,sequence,T
7468,sequence,C
7469,sequence,G
7470,sequence,C
7471,sequence,C
7472,sequence,T
7473,sequence,C
7474,sequence,G
7475,sequence,C
7476,sequence,G
7477,sequence,G
7478,sequence,C
7479,sequence,G
7480,sequence,C
7481,sequence,G
7482,sequence,T
7483,sequence,C
7484,sequence,G
7485,sequence,G
7486,sequence,C
7487,sequence,C
7488,sequence,G
7489,sequence,G
7490,sequence,G
7491,sequence,G
7492,sequence,C
7493,sequence,C
7494,sequence,G
7495,sequence,G
7496,sequence,G
7497,sequence,A
7498,sequence,G
7499,sequence,C
7500,sequence,C
7501,sequence,C
7502,sequence,G
7503,sequence,C
7504,sequence,C
7505,sequence,C
7506,sequence,C
7507,sequence,G
7508,sequence,C
7509,sequence,C
7510,sequence,G
7511,sequence,C
7512,sequence,CCGGCCG
7513,sequence,C
7514,sequence,G
7515,sequence,C
7516,sequence,C
7517,sequence,C
7518,sequence,G
7519,sequence,T
7520,sequence,G
7521,sequence,G
7522,sequence,C
7523,sequence,C
7524,sequence,G
7525,sequence,C
7526,sequence,G
7527,sequence,G
7528,sequence,C
7529,sequence,G
7530,sequence,C
7531,sequence,C
7532,sequence,G
7533,sequence,G
7534,sequence,G
7535,sequence,G
7536,sequence,T
7537,sequence,T
7538,sequence,C
7539,sequence,G
7540,sequence,C
7541,sequence,G
7542,sequence,T
7543,sequence,G
7544,sequence,T
7545,sequence,C
7546,sequence,C
7547,sequence,C
7548,sequence,C
7549,sequence,G
7550,sequence,G
7551,sequence,C
7552,sequence,G
7553,sequence,G
7554,sequence,C
7555,sequence,G
7556,sequence,A
7557,sequence,C
7558,sequence,C
7559,sequence,C
7560,sequence,G
7561,sequence,C
7562,sequence,G
7563,sequence,G
7564,sequence,G
7565,sequence,A
7566,sequence,C
7567,sequence,G
7568,sequence,C
7569,sequence,C
7570,sequence,G
7571,sequence,C
7572,sequence,G
7573,sequence,G
7574,sequence,T
7575,sequence,G
7576,sequence,T
7577,sequence,C
7578,sequence,G
7579,sequence,T
7580,sequence,C
7581,sequence,C
7582,sequence,G
7583,sequence,C
7584,sequence,C
7585,sequence,G
7586,sequence,T
7587,sequence,C
7588,sequence,G
7589,sequence,C
7590,sequence,G
7591,sequence,C
7592,sequence,G
7593,sequence,C
7594,sequence,C
7595,sequence,C
7596,sequence,G
7597,sequence,C
7598,sequence,C
7599,sequence,T
7600,sequence,C
7601,sequence,C
7602,sequence,G
7603,sequence,G
7604,sequence,C
7605,sequence,T
7606,sequence,C
7607,sequence,G
7608,sequence,C
7609,sequence,G
7610,sequence,G
7611,sequence,C
7612,sequence,C
7613,sequence,G
7614,sequence,C
7615,sequence,G
7616,sequence,C
7617,sequence,C
7618,sequence,G
7619,sequence,C
7620,sequence,G
7621,sequence,C
7622,sequence,C
7623,sequence,G
7624,sequence,C
7625,sequence,G
7626,sequence,C
7627,sequence,C
7628,sequence,G
7629,sequence,G
7630,sequence,G
7631,sequence,G
7632,sequence,C
7633,sequence,C
7634,sequence,C
7635,sequence,C
7636,sequence,G
7637,sequence,T
7638,sequence,C
7639,sequence,C
7640,sequence,C
7641,sequence,G
7642,sequence,A
7643,sequence,G
7644,sequence,C
7645,sequence,T
7646,sequence,T
7647,sequence,C
7648,sequence,C
7649,sequence,G
7650,sequence,C
7651,sequence,G
7652,sequence,T
7653,sequence,C
7654,sequence,G
7655,sequence,G
7656,sequence,G
7657,sequence,G
7658,sequence,C
7659,sequence,G
7660,sequence,G
7661,sequence,G
7662,sequence,G
7663,sequence,C
7664,sequence,G
7665,sequence,G
7666,sequence,C
7667,sequence,T
7668,sequence,C
7669,sequence,C
7670,sequence,G
7671,sequence,C
7672,sequence,C
7673,sequence,G
7674,sequence,C
7675,sequence,C
7676,sequence,G
7677,sequence,C
7678,sequence,G
7679,sequence,T
7680,sequence,C
7681,sequence,C
7682,sequence,T
7683,sequence,C
7684,sequence,G
7685,sequence,G
7686,sequence,A
7687,sequence,C
7688,sequence,C
7689,sequence,C
7690,sequence,G
7691,sequence,T
7692,sequence,C
7693,sequence,C
7694,sequence,C
7695,sequence,C
7696,sequence,C
7697,sequence,C
7698,sequence,G
7699,sequence,A
7700,sequence,C
7701,sequence,C
7702,sequence,T
7703,sequence,C
7704,sequence,C
7705,sequence,G
7706,sequence,C
7707,sequence,G
7708,sequence,G
7709,sequence,G
7710,sequence,G
7711,sequence,G
7712,sequence,A
7713,sequence,G
7714,sequence,A
7715,sequence,C
7716,sequence,G
7717,sequence,G
7718,sequence,G
7719,sequence,T
7720,sequence,C
7721,sequence,G
7722,sequence,G
7723,sequence,G
7724,sequence,G
7725,sequence,C
7726,sequence,G
7727,sequence,T
7728,sequence,G
7729,sequence,C
7730,sequence,G
7731,sequence,G
7732,sequence,C
7733,sequence,G
7734,sequence,C
7735,sequence,C
7736,sequence,C
7737,sequence,G
7738,sequence,T
7739,sequence,C
7740,sequence,C
7741,sequence,C
7742,sequence,G
7743,sequence,C
7744,sequence,C
7745,sequence,C
7746,sequence,C
7747,sequence,C
7748,sequence,G
7749,sequence,G
7750,sequence,C
7751,sequence,C
7752,sequence,C
7753,sequence,G
7754,sequence,T
7755,sequence,G
7756,sequence,C
7757,sequence,C
7758,sequence,C
7759,sequence,C
7760,sequence,T
7761,sequence,C
7762,sequence,C
7763,sequence,C
7764,sequence,T
7765,sequence,C
7766,sequence,C
7767,sequence,G
7768,sequence,G
7769,sequence,T
7770,sequence,C
7771,sequence,G
7772,sequence,T
7773,sequence,C
7774,sequence,C
7775,sequence,C
7776,sequence,G
7777,sequence,C
7778,sequence,T
7779,sequence,C
7780,sequence,C
7781,sequence,G
7782,sequence,G
7783,sequence,C
7784,sequence,G
7785,sequence,G
7786,sequence,G
7787,sequence,G
7788,sequence,C
7789,sequence,G
7790,sequence,G
7791,sequence,C
7792,sequence,G
7793,sequence,C
7794,sequence,G
7795,sequence,G
7796,sequence,G
7797,sequence,G
7798,sequence,G
7799,sequence,T
7800,sequence,G
7801,sequence,C
7802,sequence,C
7803,sequence,G
7804,sequence,T
7805,sequence,C
7806,sequence,G
7807,sequence,G
7808,sequence,C
7809,sequence,C
7810,sequence,G
7811,sequence,C
7812,sequence,G
7813,sequence,C
7814,sequence,G
7815,sequence,C
7816,sequence,T
7817,sequence,C
7818,sequence,T
7819,sequence,C
7820,sequence,T
7821,sequence,C
7822,sequence,T
7823,sequence,C
7824,sequence,C
7825,sequence,C
7826,sequence,G
7827,sequence,T
7828,sequence,C
7829,sequence,G
7830,sequence,C
7831,sequence,C
7832,sequence,T
7833,sequence,C
7834,sequence,T
7835,sequence,C
7836,sequence,C
7837,sequence,C
7838,sequence,C
7839,sequence,C
7840,sequence,T
7841,sequence,C
7842,sequence,G
7843,sequence,C
7844,sequence,C
7845,sequence,G
7846,sequence,G
7847,sequence,G
7848,sequence,C
7849,sequence,C
7850,sequence,C
7851,sequence,G
7852,sequence,T
7853,sequence,C
7854,sequence,T
7855,sequence,C
7856,sequence,C
7857,sequence,C
7858,sequence,G
7859,sequence,A
7860,sequence,C
7861,sequence,G
7862,sequence,G
7863,sequence,A
7864,sequence,G
7865,sequence,C
7866,sequence,G
7867,sequence,T
7868,sequence,C
7869,sequence,G
7870,sequence,G
7871,sequence,G
7872,sequence,C
7873,sequence,G
7874,sequence,G
7875,sequence,G
7876,sequence,C
7877,sequence,G
7878,sequence,G
7879,sequence,T
7880,sequence,C
7881,sequence,G
7882,sequence,G
7883,sequence,G
7884,sequence,C
7885,sequence,C
7886,sequence,G
7887,sequence,G
7888,sequence,C
7889,sequence,G
7890,sequence,C
7891,sequence,G
7892,sequence,A
7893,sequence,T
7894,sequence,T
7895,sequence,C
7896,sequence,C
7897,sequence,G
7898,sequence,T
7899,sequence,C
7900,sequence,C
7901,sequence,G
7902,sequence,T
7903,sequence,C
7904,sequence,C
7905,sequence,G
7906,sequence,T
7907,sequence,C
7908,sequence,C
7909,sequence,G
7910,sequence,C
7911,sequence,C
7912,sequence,G
7913,sequence,A
7914,sequence,G
7915,sequence,C
7916,sequence,G
7917,sequence,G
7918,sequence,C
7919,sequence,C
7920,sequence,C
7921,sequence,G
7922,sequence,T
7923,sequence,C
7924,sequence,C
7925,sequence,C
7926,sequence,C
7927,sequence,C
7928,sequence,T
7929,sequence,C
7930,sequence,C
7931,sequence,G
7932,sequence,A
7933,sequence,G
7934,sequence,A
7935,sequence,C
7936,sequence,G
7937,sequence,C
7938,sequence,G
7939,sequence,A
7940,sequence,C
7941,sequence,C
7942,sequence,T
7943,sequence,C
7944,sequence,A
7945,sequence,G
7946,sequence,A
7947,sequence,T
7948,sequence,C
7949,sequence,A
7950,sequence,G
7951,sequence,A
7952,sequence,C
7953,sequence,G
7954,sequence,T
7955,sequence,G
7956,sequence,G
7957,sequence,C
7958,sequence,G
7959,sequence,A
7960,sequence,C
7961,sequence,C
7962,sequence,C
7963,sequence,G
7964,sequence,C
7965,sequence,T
7966,sequence,G
7967,sequence,A
7968,sequence,A
7969,sequence,T
7970,sequence,T
7971,sequence,T
7972,sequence,A
7973,sequence,A
7974,sequence,G
7975,sequence,C
7976,sequence,A
7977,sequence,T
7978,sequence,A
7979,sequence,T
7980,sequence,T
7981,sequence,A
7982,sequence,G
7983,sequence,T
7984,sequence,C
7985,sequence,A
7986,sequence,G
7987,sequence,C
7988,sequence,G
7989,sequence,G
7990,sequence,A
7991,sequence,G
7992,sequence,G
7993,sequence,A
7994,sequence,G
7995,sequence,A
7996,sequence,A
7997,sequence,G
7998,sequence,A
7999,sequence,A
8000,sequence,A
8001,sequence,C
8002,sequence,T
8003,sequence,A
8004,sequence,A
8005,sequence,C
8006,sequence,C
8007,sequence,A
8008,sequence,G
8009,sequence,G
8010,sequence,A
8011,sequence,T
8012,sequence,T
8013,sequence,C
8014,sequence,C
8015,sequence,C
8016,sequence,T
8017,sequence,C
8018,sequence,A
8019,sequence,G
8020,sequence,T
8021,sequence,A
8022,sequence,A
8023,sequence,C
8024,sequence,G
8025,sequence,G
8026,sequence,C
8027,sequence,G
8028,sequence,A
8029,sequence,G
8030,sequence,T
8031,sequence,G
8032,sequence,A
8033,sequence,A
8034,sequence,C
8035,sequence,A
8036,sequence,G
8037,sequence,G
8038,sequence,G
8039,sequence,A
8040,sequence,A
8041,sequence,G
8042,sequence,A
8043,sequence,G
8044,sequence,C
8045,sequence,C
8046,sequence,C
8047,sequence,A
8048,sequence,G
8049,sequence,C
8050,sequence,G
8051,sequence,C
8052,sequence,C
8053,sequence,G
8054,sequence,A
8055,sequence,A
8056,sequence,T
8057,sequence,C
8058,sequence,C
8059,sequence,C
8060,sequence,C
8061,sequence,G
8062,sequence,C
8063,sequence,C
8064,sequence,C
8065,sequence,CGCG
8066,sequence,G
8067,sequence,C
8068,sequence,G
8069,sequence,G
8070,sequence,G
8071,sequence,G
8072,sequence,C
8073,sequence,G
8074,sequence,C
8075,sequence,G
8076,sequence,G
8077,sequence,G
8078,sequence,A
8079,sequence,C
8080,sequence,A
8081,sequence,T
8082,sequence,G
8083,sequence,T
8084,sequence,G
8085,sequence,G
8086,sequence,C
8087,sequence,G
8088,sequence,T
8089,sequence,A
8090,sequence,C
8091,sequence,G
8092,sequence,G
8093,sequence,A
8094,sequence,A
8095,sequence,G
8096,sequence,A
8097,sequence,C
8098,sequence,C
8099,sequence,C
8100,sequence,G
8101,sequence,C
8102,sequence,T
8103,sequence,C
8104,sequence,C
8105,sequence,C
8106,sequence,C
8107,sequence,G
8108,sequence,G
8109,sequence,C
8110,sequence,G
8111,sequence,C
8112,sequence,C
8113,sequence,G
8114,sequence,C
8115,sequence,T
8116,sequence,C
8117,sequence,G
8118,sequence,T
8119,sequence,G
8120,sequence,G
8121,sequence,G
8122,sequence,G
8123,sequence,G
8124,sequence,G
8125,sequence,C
8126,sequence,C
8127,sequence,C
8128,sequence,A
8129,sequence,A
8130,sequence,G
8131,sequence,T
8132,sequence,C
8133,sequence,C
8134,sequence,T
8135,sequence,T
8136,sequence,C
8137,sequence,T
8138,sequence,G
8139,sequence,A
8140,sequence,T
8141,sequence,C
8142,sequence,G
8143,sequence,A
8144,sequence,G
8145,sequence,G
8146,sequence,C
8147,sequence,C
8148,sequence,C
8149,sequence,A
8150,sequence,G
8151,sequence,C
8152,sequence,C
8153,sequence,C
8154,sequence,G
8155,sequence,T
8156,sequence,G
8157,sequence,G
8158,sequence,A
8159,sequence,C
8160,sequence,G
8161,sequence,G
8162,sequence,T
8163,sequence,G
8164,sequence,T
8165,sequence,G
8166,sequence,A
8167,sequence,G
8168,sequence,G
8169,sequence,C
8170,sequence,C
8171,sequence,G
8172,sequence,G
8173,sequence,T
8174,sequence,A
8175,sequence,G
8176,sequence,C
8177,sequence,G
8178,sequence,GCCC
8179,sequence,C
8180,sequence,C
8181,sequence,G
8182,sequence,G
8183,sequence,C
8184,sequence,G
8185,sequence,C
8186,sequence,G
8187,sequence,CCGG
8188,sequence,G
8189,sequence,C
8190,sequence,C
8191,sequence,C
8192,sequence,G
8193,sequence,G
8194,sequence,G
8195,sequence,T
8196,sequence,C
8197,sequence,T
8198,sequence,T
8199,sequence,C
8200,sequence,C
8201,sequence,C
8202,sequence,G
8203,sequence,G
8204,sequence,A
8205,sequence,G
8206,sequence,T
8207,sequence,C
8208,sequence,G
8209,sequence,G
8210,sequence,G
8211,sequence,T
8212,sequence,T
8213,sequence,G
8214,sequence,C
8215,sequence,T
8216,sequence,T
8217,sequence,G
8218,sequence,G
8219,sequence,G
8220,sequence,A
8221,sequence,A
8222,sequence,T
8223,sequence,G
8224,sequence,C
8225,sequence,A
8226,sequence,G
8227,sequence,C
8228,sequence,C
8229,sequence,C
8230,sequence,A
8231,sequence,A
8232,sequence,A
8233,sequence,G
8234,sequence,C
8235,sequence,G
8236,sequence,G
8237,sequence,G
8238,sequence,T
8239,sequence,G
8240,sequence,G
8241,sequence,T
8242,sequence,A
8243,sequence,A
8244,sequence,A
8245,sequence,C
8246,sequence,T
8247,sequence,C
8248,sequence,C
8249,sequence,A
8250,sequence,T
8251,sequence,C
8252,sequence,T
8253,sequence,A
8254,sequence,A
8255,sequence,G
8256,sequence,G
8257,sequence,C
8258,sequence,T
8259,sequence,A
8260,sequence,A
8261,sequence,A
8262,sequence,T
8263,sequence,A
8264,sequence,C
8265,sequence,C
8266,sequence,G
8267,sequence,G
8268,sequence,C
8269,sequence,A
8270,sequence,C
8271,sequence,G
8272,sequence,A
8273,sequence,G
8274,sequence,A
8275,sequence,C
8276,sequence,C
8277,sequence,G
8278,sequence,A
8279,sequence,T
8280,sequence,A
8281,sequence,G
8282,sequence,T
8283,sequence,C
8284,sequence,A
8285,sequence,A
8286,sequence,C
8287,sequence,A
8288,sequence,A
8289,sequence,G
8290,sequence,T
8291,sequence,A
8292,sequence,C
8293,sequence,C
8294,sequence,G
8295,sequence,T
8296,sequence,A
8297,sequence,A
8298,sequence,G
8299,sequence,G
8300,sequence,G
8301,sequence,A
8302,sequence,A
8303,sequence,A
8304,sequence,G
8305,sequence,T
8306,sequence,T
8307,sequence,G
8308,sequence,A
8309,sequence,A
8310,sequence,A
8311,sequence,A
8312,sequence,G
8313,sequence,A
8314,sequence,A
8315,sequence,C
8316,sequence,T
8317,sequence,T
8318,sequence,T
8319,sequence,G
8320,sequence,A
8321,sequence,A
8322,sequence,G
8323,sequence,A
8324,sequence,G
8325,sequence,A
8326,sequence,G
8327,sequence,A
8328,sequence,G
8329,sequence,T
8330,sequence,T
8331,sequence,C
8332,sequence,A
8333,sequence,A
8334,sequence,G
8335,sequence,A
8336,sequence,G
8337,sequence,G
8338,sequence,G
8339,sequence,C
8340,sequence,G
8341,sequence,T
8342,sequence,G
8343,sequence,A
8344,sequence,A
8345,sequence,A
8346,sequence,C
8347,sequence,C
8348,sequence,G
8349,sequence,T
8350,sequence,T
8351,sequence,A
8352,sequence,A
8353,sequence,G
8354,sequence,A
8355,sequence,G
8356,sequence,G
8357,sequence,T
8358,sequence,A
8359,sequence,A
8360,sequence,A
8361,sequence,C
8362,sequence,G
8363,sequence,G
8364,sequence,G
8365,sequence,T
8366,sequence,G
8367,sequence,G
8368,sequence,G
8369,sequence,G
8370,sequence,T
8371,sequence,C
8372,sequence,C
8373,sequence,G
8374,sequence,C
8375,sequence,G
8376,sequence,C
8377,sequence,A
8378,sequence,G
8379,sequence,T
8380,sequence,C
8381,sequence,C
8382,sequence,G
8383,sequence,C
8384,sequence,C
8385,sequence,C
8386,sequence,G
8387,sequence,G
8388,sequence,A
8389,sequence,G
8390,sequence,G
8391,sequence,A
8392,sequence,T
8393,sequence,T
8394,sequence,C
8395,sequence,A
8396,sequence,A
8397,sequence,C
8398,sequence,C
8399,sequence,C
8400,sequence,G
8401,sequence,G
8402,sequence,C
8403,sequence,G
8404,sequence,G
8405,sequence,C
8406,sequence,G
8407,sequence,G
8408,sequence,G
8409,sequence,T
8410,sequence,C
8411,sequence,C
8412,sequence,G
8413,sequence,G
8414,sequence,C
8415,sequence,C
8416,sequence,G
8417,sequence,T
8418,sequence,G
8419,sequence,T
8420,sequence,C
8421,sequence,G
8422,sequence,G
8423,sequence,C
8424,sequence,G
8425,sequence,G
8426,sequence,C
8427,sequence,C
8428,sequence,C
8429,sequence,G
8430,sequence,G
8431,sequence,C
8432,sequence,G
8433,sequence,G
8434,sequence,A
8435,sequence,T
8436,sequence,C
8437,sequence,T
8438,sequence,T
8439,sequence,T
8440,sequence,C
8441,sequence,C
8442,sequence,C
8443,sequence,G
8444,sequence,C
8445,sequence,C
8446,sequence,C
8447,sequence,C
8448,sequence,C
8449,sequence,C
8450,sequence,G
8451,sequence,T
8452,sequence,T
8453,sequence,C
8454,sequence,C
8455,sequence,T
8456,sequence,C
8457,sequence,C
8458,sequence,C
8459,sequence,G
8460,sequence,A
8461,sequence,C
8462,sequence,C
8463,sequence,C
8464,sequence,C
8465,sequence,T
8466,sequence,C
8467,sequence,C
8468,sequence,A
8469,sequence,C
8470,sequence,C
8471,sequence,C
8472,sequence,G
8473,sequence,C
8474,sequence,C
8475,sequence,C
8476,sequence,T
8477,sequence,C
8478,sequence,C
8479,sequence,C
8480,sequence,T
8481,sequence,T
8482,sequence,C
8483,sequence,C
8484,sequence,C
8485,sequence,C
8486,sequence,C
8487,sequence,G
8488,sequence,C
8489,sequence,C
8490,sequence,G
8491,sequence,C
8492,sequence,C
8493,sequence,C
8494,sequence,C
8495,sequence,T
8496,sequence,C
8497,sequence,C
8498,sequence,T
8499,sequence,C
8500,sequence,C
8501,sequence,T
8502,sequence,C
8503,sequence,C
8504,sequence,T
8505,sequence,C
8506,sequence,C
8507,sequence,C
8508,sequence,C
8509,sequence,G
8510,sequence,G
8511,sequence,A
8512,sequence,G
8513,sequence,G
8514,sequence,G
8515,sequence,G
8516,sequence,G
8517,sequence,C
8518,sequence,G
8519,sequence,G
8520,sequence,G
8521,sequence,C
8522,sequence,T
8523,sequence,C
8524,sequence,C
8525,sequence,G
8526,sequence,G
8527,sequence,C
8528,sequence,G
8529,sequence,G
8530,sequence,G
8531,sequence,T
8532,sequence,G
8533,sequence,C
8534,sequence,G
8535,sequence,G
8536,sequence,G
8537,sequence,G
8538,sequence,G
8539,sequence,T
8540,sequence,G
8541,sequence,G
8542,sequence,G
8543,sequence,C
8544,sequence,G
8545,sequence,G
8546,sequence,G
8547,sequence,C
8548,sequence,G
8549,sequence,G
8550,sequence,G
8551,sequence,G
8552,sequence,C
8553,sequence,C
8554,sequence,G
8555,sequence,G
8556,sequence,G
8557,sequence,G
8558,sequence,G
8559,sequence,T
8560,sequence,G
8561,sequence,G
8562,sequence,G
8563,sequence,G
8564,sequence,T
8565,sequence,C
8566,sequence,G
8567,sequence,G
8568,sequence,C
8569,sequence,G
8570,sequence,G
8571,sequence,G
8572,sequence,G
8573,sequence,G
8574,sequence,A
8575,sequence,C
8576,sequence,C
8577,sequence,G
8578,sequence,T
8579,sequence,C
8580,sequence,C
8581,sequence,C
8582,sequence,C
8583,sequence,C
8584,sequence,G
8585,sequence,A
8586,sequence,C
8587,sequence,C
8588,sequence,G
8589,sequence,G
8590,sequence,C
8591,sequence,G
8592,sequence,A
8593,sequence,C
8594,sequence,C
8595,sequence,G
8596,sequence,G
8597,sequence,C
8598,sequence,C
8599,sequence,G
8600,sequence,C
8601,sequence,C
8602,sequence,G
8603,sequence,C
8604,sequence,C
8605,sequence,G
8606,sequence,G
8607,sequence,G
8608,sequence,C
8609,sequence,G
8610,sequence,C
8611,sequence,A
8612,sequence,T
8613,sequence,T
8614,sequence,T
8615,sequence,C
8616,sequence,C
8617,sequence,A
8618,sequence,C
8619,sequence,C
8620,sequence,G
8621,sequence,C
8622,sequence,G
8623,sequence,G
8624,sequence,C
8625,sequence,G
8626,sequence,G
8627,sequence,T
8628,sequence,G
8629,sequence,C
8630,sequence,G
8631,sequence,C
8632,sequence,C
8633,sequence,G
8634,sequence,C
8635,sequence,G
8636,sequence,A
8637,sequence,C
8638,sequence,C
8639,sequence,G
8640,sequence,G
8641,sequence,C
8642,sequence,T
8643,sequence,C
8644,sequence,C
8645,sequence,G
8646,sequence,G
8647,sequence,G
8648,sequence,A
8649,sequence,C
8650,sequence,G
8651,sequence,G
8652,sequence,C
8653,sequence,T
8654,sequence,G
8655,sequence,G
8656,sequence,G
8657,sequence,A
8658,sequence,A
8659,sequence,G
8660,sequence,G
8661,sequence,C
8662,sequence,C
8663,sequence,C
8664,sequence,G
8665,sequence,G
8666,sequence,C
8667,sequence,G
8668,sequence,G
8669,sequence,G
8670,sequence,G
8671,sequence,A
8672,sequence,A
8673,sequence,G
8674,sequence,G
8675,sequence,T
8676,sequence,G
8677,sequence,G
8678,sequence,C
8679,sequence,T
8680,sequence,C
8681,sequence,G
8682,sequence,G
8683,sequence,G
8684,sequence,G
8685,sequence,G
8686,sequence,G
8687,sequence,C
8688,sequence,CCCGT
8689,sequence,C
8690,sequence,C
8691,sequence,G
8692,sequence,T
8693,sequence,C
8694,sequence,C
8695,sequence,G
8696,sequence,T
8697,sequence,C
8698,sequence,C
8699,sequence,G
8700,sequence,T
8701,sequence,C
8702,sequence,C
8703,sequence,G
8704,sequence,T
8705,sequence,C
8706,sequence,C
8707,sequence,T
8708,sequence,C
8709,sequence,C
8710,sequence,T
8711,sequence,C
8712,sequence,C
8713,sequence,T
8714,sequence,C
8715,sequence,C
8716,sequence,C
8717,sequence,C
8718,sequence,C
8719,sequence,G
8720,sequence,T
8721,sequence,C
8722,sequence,T
8723,sequence,C
8724,sequence,C
8725,sequence,G
8726,sequence,C
8727,sequence,C
8728,sequence,C
8729,sequence,C
8730,sequence,C
8731,sequence,C
8732,sequence,G
8733,sequence,G
8734,sequence,C
8735,sequence,C
8736,sequence,C
8737,sequence,C
8738,sequence,G
8739,sequence,C
8740,sequence,G
8741,sequence,T
8742,sequence,C
8743,sequence,C
8744,sequence,T
8745,sequence,C
8746,sequence,C
8747,sequence,C
8748,sequence,T
8749,sequence,C
8750,sequence,G
8751,sequence,G
8752,sequence,G
8753,sequence,A
8754,sequence,G
8755,sequence,G
8756,sequence,G
8757,sequence,C
8758,sequence,G
8759,sequence,C
8760,sequence,G
8761,sequence,C
8762,sequence,G
8763,sequence,G
8764,sequence,G
8765,sequence,T
8766,sequence,C
8767,sequence,G
8768,sequence,G
8769,sequence,G
8770,sequence,G
8771,sequence,C
8772,sequence,G
8773,sequence,G
8774,sequence,C
8775,sequence,G
8776,sequence,G
8777,sequence,C
8778,sequence,G
8779,sequence,G
8780,sequence,C
8781,sequence,G
8782,sequence,G
8783,sequence,C
8784,sequence,G
8785,sequence,G
8786,sequence,C
8787,sequence,G
8788,sequence,G
8789,sequence,T
8790,sequence,G
8791,sequence,G
8792,sequence,C
8793,sequence,G
8794,sequence,G
8795,sequence,C
8796,sequence,G
8797,sequence,G
8798,sequence,C
8799,sequence,G
8800,sequence,G
8801,sequence,C
8802,sequence,G
8803,sequence,G
8804,sequence,C
8805,sequence,G
8806,sequence,G
8807,sequence,C
8808,sequence,G
8809,sequence,G
8810,sequence,C
8811,sequence,G
8812,sequence,G
8813,sequence,G
8814,sequence,A
8815,sequence,C
8816,sequence,C
8817,sequence,G
8818,sequence,A
8819,sequence,A
8820,sequence,A
8821,sequence,C
8822,sequence,C
8823,sequence,C
8824,sequence,C
8825,sequence,C
8826,sequence,C
8827,sequence,C
8828,sequence,C
8829,sequence,G
8830,sequence,A
8831,sequence,G
8832,sequence,T
8833,sequence,G
8834,sequence,T
8835,sequence,T
8836,sequence,A
8837,sequence,C
8838,sequence,A
8839,sequence,G
8840,sequence,C
8841,sequence,C
8842,sequence,C
8843,sequence,C
8844,sequence,C
8845,sequence,C
8846,sequence,C
8847,sequence,G
8848,sequence,G
8849,sequence,C
8850,sequence,A
8851,sequence,G
8852,sequence,C
8853,sequence,A
8854,sequence,G
8855,sequence,C
8856,sequence,A
8857,sequence,C
8858,sequence,T
8859,sequence,C
8860,sequence,G
8861,sequence,C
8862,sequence,C
8863,sequence,G
8864,sequence,A
8865,sequence,A
8866,sequence,T
8867,sequence,C
8868,sequence,C
8869,sequence,C
8870,sequence,G
8871,sequence,G
8872,sequence,G
8873,sequence,G
8874,sequence,C
8875,sequence,C
8876,sequence,G
8877,sequence,A
8878,sequence,G
8879,sequence,G
8880,sequence,G
8881,sequence,A
8882,sequence,G
8883,sequence,C
8884,sequence,G
8885,sequence,A
8886,sequence,G
8887,sequence,A
8888,sequence,C
8889,sequence,C
8890,sequence,C
8891,sequence,G
8892,sequence,T
8893,sequence,C
8894,sequence,G
8895,sequence,C
8896,sequence,C
8897,sequence,G
8898,sequence,C
8899,sequence,G
8900,sequence,C
8901,sequence,T
8902,sequence,C
8903,sequence,T
8904,sequence,C
8905,sequence,C
8906,sequence,C
8907,sequence,C
8908,sequence,C
8909,sequence,C
8910,sequence,T
8911,sequence,C
8912,sequence,C
8913,sequence,C
8914,sequence,G
8915,sequence,G
8916,sequence,C
8917,sequence,G
8918,sequence,C
8919,sequence,C
8920,sequence,C
8921,sequence,A
8922,sequence,C
8923,sequence,C
8924,sequence,C
8925,sequence,C
8926,sequence,C
8927,sequence,G
8928,sequence,C
8929,sequence,G
8930,sequence,G
8931,sequence,G
8932,sequence,G
8933,sequence,A
8934,sequence,A
8935,sequence,T
8936,sequence,C
8937,sequence,C
8938,sequence,C
8939,sequence,C
8940,sequence,C
8941,sequence,G
8942,sequence,C
8943,sequence,G
8944,sequence,A
8945,sequence,G
8946,sequence,G
8947,sequence,G
8948,sequence,G
8949,sequence,G
8950,sequence,G
8951,sequence,T
8952,sequence,C
8953,sequence,T
8954,sequence,C
8955,sequence,C
8956,sequence,C
8957,sequence,C
8958,sequence,C
8959,sequence,G
8960,sequence,C
8961,sequence,G
8962,sequence,G
8963,sequence,G
8964,sequence,G
8965,sequence,G
8966,sequence,C
8967,sequence,G
8968,sequence,C
8969,sequence,G
8970,sequence,C
8971,sequence,C
8972,sequence,G
8973,sequence,G
8974,sequence,C
8975,sequence,G
8976,sequence,T
8977,sequence,C
8978,sequence,T
8979,sequence,C
8980,sequence,C
8981,sequence,T
8982,sequence,C
8983,sequence,G
8984,sequence,T
8985,sequence,G
8986,sequence,G
8987,sequence,G
8988,sequence,G
8989,sequence,G
8990,sequence,G
8991,sequence,G
8992,sequence,C
8993,sequence,C
8994,sequence,G
8995,sequence,G
8996,sequence,G
8997,sequence,C
8998,sequence,C
8999,sequence,A
9000,sequence,C
9001,sequence,C
9002,sequence,C
9003,sequence,C
9004,sequence,T
9005,sequence,C
9006,sequence,C
9007,sequence,C
9008,sequence,A
9009,sequence,C
9010,sequence,G
9011,sequence,G
9012,sequence,C
9013,sequence,G
9014,sequence,C
9015,sequence,G
9016,sequence,A
9017,sequence,C
9018,sequence,C
9019,sequence,G
9020,sequence,C
9021,sequence,T
9022,sequence,C
9023,sequence,T
9024,sequence,C
9025,sequence,C
9026,sequence,C
9027,sequence,A
9028,sequence,C
9029,sequence,C
9030,sequence,C
9031,sequence,C
9032,sequence,T
9033,sequence,C
9034,sequence,C
9035,sequence,T
9036,sequence,C
9037,sequence,C
9038,sequence,C
9039,sequence,C
9040,sequence,G
9041,sequence,C
9042,sequence,G
9043,sequence,C
9044,sequence,C
9045,sequence,C
9046,sequence,C
9047,sequence,C
9048,sequence,G
9049,sequence,C
9050,sequence,C
9051,sequence,C
9052,sequence,C
9053,sequence,G
9054,sequence,G
9055,sequence,C
9056,sequence,G
9057,sequence,A
9058,sequence,C
9059,sequence,G
9060,sequence,G
9061,sequence,G
9062,sequence,G
9063,sequence,G
9064,sequence,G
9065,sequence,G
9066,sequence,G
9067,sequence,T
9068,sequence,G
9069,sequence,C
9070,sequence,C
9071,sequence,G
9072,sequence,C
9073,sequence,G
9074,sequence,C
9075,sequence,G
9076,sequence,C
9077,sequence,G
9078,sequence,G
9079,sequence,G
9080,sequence,T
9081,sequence,C
9082,sequence,G
9083,sequence,G
9084,sequence,G
9085,sequence,G
9086,sequence,G
9087,sequence,G
9088,sequence,C
9089,sequence,G
9090,sequence,G
9091,sequence,G
9092,sequence,G
9093,sequence,C
9094,sequence,G
9095,sequence,G
9096,sequence,A
9097,sequence,C
9098,sequence,T
9099,sequence,G
9100,sequence,T
9101,sequence,C
9102,sequence,C
9103,sequence,C
9104,sequence,C
9105,sequence,A
9106,sequence,G
9107,sequence,T
9108,sequence,G
9109,sequence,C
9110,sequence,G
9111,sequence,C
9112,sequence,C
9113,sequence,C
9114,sequence,C
9115,sequence,G
9116,sequence,G
9117,sequence,G
9118,sequence,C
9119,sequence,G
9120,sequence,G
9121,sequence,G
9122,sequence,T
9123,sequence,C
9124,sequence,G
9125,sequence,C
9126,sequence,G
9127,sequence,C
9128,sequence,C
9129,sequence,G
9130,sequence,T
9131,sequence,C
9132,sequence,G
9133,sequence,G
9134,sequence,G
9135,sequence,C
9136,sequence,C
9137,sequence,C
9138,sequence,G
9139,sequence,G
9140,sequence,G
9141,sequence,G
9142,sequence,G
9143,sequence,A
9144,sequence,G
9145,sequence,G
9146,sequence,T
9147,sequence,T
9148,sequence,C
9149,sequence,T
9150,sequence,C
9151,sequence,T
9152,sequence,C
9153,sequence,G
9154,sequence,G
9155,sequence,G
9156,sequence,G
9157,sequence,C
9158,sequence,C
9159,sequence,A
9160,sequence,C
9161,sequence,G
9162,sequence,C
9163,sequence,G
9164,sequence,C
9165,sequence,G
9166,sequence,C
9167,sequence,G
9168,sequence,T
9169,sequence,C
9170,sequence,C
9171,sequence,C
9172,sequence,C
9173,sequence,C
9174,sequence,G
9175,sequence,A
9176,sequence,A
9177,sequence,G
9178,sequence,A
9179,sequence,G
9180,sequence,G
9181,sequence,G
9182,sequence,G
9183,sequence,G
9184,sequence,A
9185,sequence,C
9186,sequence,G
9187,sequence,G
9188,sequence,C
9189,sequence,G
9190,sequence,G
9191,sequence,A
9192,sequence,G
9193,sequence,C
9194,sequence,G
9195,sequence,A
9196,sequence,G
9197,sequence,C
9198,sequence,G
9199,sequence,C
9200,sequence,A
9201,sequence,C
9202,sequence,G
9203,sequence,G
9204,sequence,G
9205,sequence,G
9206,sequence,T
9207,sequence,C
9208,sequence,G
9209,sequence,G
9210,sequence,C
9211,sequence,G
9212,sequence,G
9213,sequence,C
9214,sequence,G
9215,sequence,A
9216,sequence,C
9217,sequence,G
9218,sequence,T
9219,sequence,C
9220,sequence,G
9221,sequence,G
9222,sequence,C
9223,sequence,T
9224,sequence,A
9225,sequence,C
9226,sequence,C
9227,sequence,C
9228,sequence,A
9229,sequence,C
9230,sequence,C
9231,sequence,C
9232,sequence,G
9233,sequence,A
9234,sequence,C
9235,sequence,C
9236,sequence,C
9237,sequence,G
9238,sequence,T
9239,sequence,C
9240,sequence,T
9241,sequence,T
9242,sequence,G
9243,sequence,A
9244,sequence,A
9245,sequence,A
9246,sequence,C
9247,sequence,A
9248,sequence,C
9249,sequence,G
9250,sequence,G
9251,sequence,A
9252,sequence,C
9253,sequence,C
9254,sequence,A
9255,sequence,A
9256,sequence,G
9257,sequence,G
9258,sequence,A
9259,sequence,G
9260,sequence,T
9261,sequence,C
9262,sequence,T
9263,sequence,A
9264,sequence,A
9265,sequence,C
9266,sequence,A
9267,sequence,C
9268,sequence,G
9269,sequence,T
9270,sequence,G
9271,sequence,C
9272,sequence,G
9273,sequence,C
9274,sequence,G
9275,sequence,A
9276,sequence,G
9277,sequence,T
9278,sequence,C
9279,sequence,G
9280,sequence,G
9281,sequence,G
9282,sequence,G
9283,sequence,G
9284,sequence,C
9285,sequence,T
9286,sequence,C
9287,sequence,G
9288,sequence,C
9289,sequence,A
9290,sequence,C
9291,sequence,G
9292,sequence,A
9293,sequence,A
9294,sequence,A
9295,sequence,G
9296,sequence,C
9297,sequence,C
9298,sequence,G
9299,sequence,C
9300,sequence,C
9301,sequence,G
9302,sequence,T
9303,sequence,G
9304,sequence,G
9305,sequence,C
9306,sequence,G
9307,sequence,C
9308,sequence,A
9309,sequence,A
9310,sequence,T
9311,sequence,G
9312,sequence,A
9313,sequence,A
9314,sequence,G
9315,sequence,G
9316,sequence,T
9317,sequence,G
9318,sequence,A
9319,sequence,A
9320,sequence,G
9321,sequence,G
9322,sequence,C
9323,sequence,C
9324,sequence,G
9325,sequence,G
9326,sequence,C
9327,sequence,G
9328,sequence,C
9329,sequence,G
9330,sequence,C
9331,sequence,T
9332,sequence,C
9333,sequence,G
9334,sequence,C
9335,sequence,C
9336,sequence,G
9337,sequence,G
9338,sequence,C
9339,sequence,C
9340,sequence,G
9341,sequence,A
9342,sequence,G
9343,sequence,G
9344,sequence,T
9345,sequence,G
9346,sequence,G
9347,sequence,G
9348,sequence,A
9349,sequence,T
9350,sequence,C
9351,sequence,C
9352,sequence,C
9353,sequence,G
9354,sequence,A
9355,sequence,G
9356,sequence,G
9357,sequence,C
9358,sequence,C
9359,sequence,T
9360,sequence,C
9361,sequence,T
9362,sequence,C
9363,sequence,C
9364,sequence,A
9365,sequence,G
9366,sequence,T
9367,sequence,C
9368,sequence,C
9369,sequence,G
9370,sequence,C
9371,sequence,C
9372,sequence,G
9373,sequence,A
9374,sequence,G
9375,sequence,G
9376,sequence,G
9377,sequence,C
9378,sequence,G
9379,sequence,C
9380,sequence,A
9381,sequence,C
9382,sequence,C
9383,sequence,A
9384,sequence,C
9385,sequence,C
9386,sequence,G
9387,sequence,G
9388,sequence,C
9389,sequence,C
9390,sequence,C
9391,sequence,G
9392,sequence,T
9393,sequence,C
9394,sequence,T
9395,sequence,C
9396,sequence,G
9397,sequence,C
9398,sequence,C
9399,sequence,C
9400,sequence,G
9401,sequence,C
9402,sequence,C
9403,sequence,G
9404,sequence,C
9405,sequence,G
9406,sequence,C
9407,sequence,C
9408,sequence,G
9409,sequence,G
9410,sequence,G
9411,sequence,G
9412,sequence,A
9413,sequence,G
9414,sequence,G
9415,sequence,T
9416,sequence,G
9417,sequence,G
9418,sequence,A
9419,sequence,G
9420,sequence,C
9421,sequence,A
9422,sequence,C
9423,sequence,G
9424,sequence,A
9425,sequence,G
9426,sequence,C
9427,sequence,G
9428,sequence,C
9429,sequence,A
9430,sequence,C
9431,sequence,G
9432,sequence,T
9433,sequence,G
9434,sequence,T
9435,sequence,T
9436,sequence,A
9437,sequence,G
9438,sequence,G
9439,sequence,A
9440,sequence,C
9441,sequence,C
9442,sequence,C
9443,sequence,G
9444,sequence,A
9445,sequence,A
9446,sequence,A
9447,sequence,G
9448,sequence,A
9449,sequence,T
9450,sequence,G
9451,sequence,G
9452,sequence,T
9453,sequence,G
9454,sequence,A
9455,sequence,A
9456,sequence,C
9457,sequence,T
9458,sequence,A
9459,sequence,T
9460,sequence,G
9461,sequence,C
9462,sequence,C
9463,sequence,T
9464,sequence,G
9465,sequence,G
9466,sequence,G
9467,sequence,C
9468,sequence,A
9469,sequence,G
9470,sequence,G
9471,sequence,G
9472,sequence,C
9473,sequence,G
9474,sequence,A
9475,sequence,A
9476,sequence,G
9477,sequence,C
9478,sequence,C
9479,sequence,A
9480,sequence,G
9481,sequence,A
9482,sequence,G
9483,sequence,G
9484,sequence,A
9485,sequence,A
9486,sequence,A
9487,sequence,C
9488,sequence,T
9489,sequence,C
9490,sequence,T
9491,sequence,G
9492,sequence,G
9493,sequence,T
9494,sequence,G
9495,sequence,G
9496,sequence,A
9497,sequence,G
9498,sequence,G
9499,sequence,T
9500,sequence,C
9501,sequence,C
9502,sequence,G
9503,sequence,T
9504,sequence,A
9505,sequence,G
9506,sequence,C
9507,sequence,G
9508,sequence,G
9509,sequence,T
9510,sequence,C
9511,sequence,C
9512,sequence,T
9513,sequence,G
9514,sequence,A
9515,sequence,C
9516,sequence,G
9517,sequence,T
9518,sequence,G
9519,sequence,C
9520,sequence,A
9521,sequence,A
9522,sequence,A
9523,sequence,T
9524,sequence,C
9525,sequence,G
9526,sequence,G
9527,sequence,T
9528,sequence,C
9529,sequence,G
9530,sequence,T
9531,sequence,C
9532,sequence,C
9533,sequence,G
9534,sequence,A
9535,sequence,C
9536,sequence,C
9537,sequence,T
9538,sequence,G
9539,sequence,G
9540,sequence,G
9541,sequence,T
9542,sequence,A
9543,sequence,T
9544,sequence,A
9545,sequence,G
9546,sequence,G
9547,sequence,G
9548,sequence,G
9549,sequence,C
9550,sequence,G
9551,sequence,A
9552,sequence,A
9553,sequence,A
9554,sequence,G
9555,sequence,A
9556,sequence,C
9557,sequence,T
9558,sequence,A
9559,sequence,A
9560,sequence,T
9561,sequence,C
9562,sequence,G
9563,sequence,A
9564,sequence,A
9565,sequence,C
9566,sequence,C
9567,sequence,A
9568,sequence,T
9569,sequence,C
9570,sequence,T
9571,sequence,A
9572,sequence,G
9573,sequence,T
9574,sequence,A
9575,sequence,G
9576,sequence,C
9577,sequence,T
9578,sequence,G
9579,sequence,G
9580,sequence,T
9581,sequence,T
9582,sequence,C
9583,sequence,C
9584,sequence,C
9585,sequence,T
9586,sequence,C
9587,sequence,C
9588,sequence,G
9589,sequence,A
9590,sequence,A
9591,sequence,G
9592,sequence,T
9593,sequence,T
9594,sequence,T
9595,sequence,C
9596,sequence,C
9597,sequence,C
9598,sequence,T
9599,sequence,C
9600,sequence,A
9601,sequence,G
9602,sequence,G
9603,sequence,A
9604,sequence,T
9605,sequence,A
9606,sequence,G
9607,sequence,C
9608,sequence,T
9609,sequence,G
9610,sequence,G
9611,sequence,C
9612,sequence,G
9613,sequence,C
9614,sequence,T
9615,sequence,C
9616,sequence,T
9617,sequence,C
9618,sequence,G
9619,sequence,C
9620,sequence,A
9621,sequence,G
9622,sequence,A
9623,sequence,C
9624,sequence,C
9625,sequence,C
9626,sequence,G
9627,sequence,A
9628,sequence,C
9629,sequence,G
9630,sequence,C
9631,sequence,A
9632,sequence,C
9633,sequence,C
9634,sequence,C
9635,sequence,C
9636,sequence,C
9637,sequence,G
9638,sequence,C
9639,sequence,C
9640,sequence,A
9641,sequence,C
9642,sequence,G
9643,sequence,C
9644,sequence,A
9645,sequence,G
9646,sequence,T
9647,sequence,T
9648,sequence,T
9649,sequence,T
9650,sequence,A
9651,sequence,T
9652,sequence,C
9653,sequence,C
9654,sequence,G
9655,sequence,G
9656,sequence,T
9657,sequence,A
9658,sequence,A
9659,sequence,A
9660,sequence,G
9661,sequence,C
9662,sequence,G
9663,sequence,A
9664,sequence,A
9665,sequence,T
9666,sequence,G
9667,sequence,A
9668,sequence,T
9669,sequence,T
9670,sequence,A
9671,sequence,G
9672,sequence,A
9673,sequence,G
9674,sequence,G
9675,sequence,T
9676,sequence,C
9677,sequence,T
9678,sequence,T
9679,sequence,G
9680,sequence,G
9681,sequence,G
9682,sequence,G
9683,sequence,C
9684,sequence,C
9685,sequence,G
9686,sequence,A
9687,sequence,A
9688,sequence,A
9689,sequence,C
9690,sequence,G
9691,sequence,A
9692,sequence,T
9693,sequence,C
9694,sequence,T
9695,sequence,C
9696,sequence,A
9697,sequence,A
9698,sequence,C
9699,sequence,C
9700,sequence,T
9701,sequence,A
9702,sequence,T
9703,sequence,T
9704,sequence,C
9705,sequence,T
9706,sequence,C
9707,sequence,A
9708,sequence,A
9709,sequence,A
9710,sequence,C
9711,sequence,T
9712,sequence,T
9713,sequence,T
9714,sequence,A
9715,sequence,A
9716,sequence,A
9717,sequence,T
9718,sequence,G
9719,sequence,G
9720,sequence,G
9721,sequence,T
9722,sequence,A
9723,sequence,A
9724,sequence,G
9725,sequence,A
9726,sequence,A
9727,sequence,G
9728,sequence,C
9729,sequence,C
9730,sequence,C
9731,sequence,G
9732,sequence,G
9733,sequence,C
9734,sequence,T
9735,sequence,C
9736,sequence,G
9737,sequence,C
9738,sequence,T
9739,sequence,G
9740,sequence,G
9741,sequence,C
9742,sequence,G
9743,sequence,T
9744,sequence,G
9745,sequence,G
9746,sequence,A
9747,sequence,G
9748,sequence,C
9749,sequence,C
9750,sequence,G
9751,sequence,G
9752,sequence,G
9753,sequence,C
9754,sequence,G
9755,sequence,T
9756,sequence,G
9757,sequence,G
9758,sequence,A
9759,sequence,A
9760,sequence,T
9761,sequence,G
9762,sequence,C
9763,sequence,G
9764,sequence,A
9765,sequence,G
9766,sequence,T
9767,sequence,G
9768,sequence,C
9769,sequence,C
9770,sequence,T
9771,sequence,A
9772,sequence,G
9773,sequence,T
9774,sequence,G
9775,sequence,G
9776,sequence,G
9777,sequence,C
9778,sequence,C
9779,sequence,A
9780,sequence,C
9781,sequence,T
9782,sequence,T
9783,sequence,T
9784,sequence,T
9785,sequence,G
9786,sequence,G
9787,sequence,T
9788,sequence,A
9789,sequence,A
9790,sequence,G
9791,sequence,C
9792,sequence,A
9793,sequence,G
9794,sequence,A
9795,sequence,A
9796,sequence,C
9797,sequence,T
9798,sequence,G
9799,sequence,G
9800,sequence,C
9801,sequence,G
9802,sequence,C
9803,sequence,T
9804,sequence,G
9805,sequence,C
9806,sequence,G
9807,sequence,G
9808,sequence,G
9809,sequence,A
9810,sequence,T
9811,sequence,G
9812,sequence,A
9813,sequence,A
9814,sequence,C
9815,sequence,C
9816,sequence,G
9817,sequence,A
9818,sequence,A
9819,sequence,C
9820,sequence,G
9821,sequence,C
9822,sequence,C
9823,sequence,G
9824,sequence,G
9825,sequence,G
9826,sequence,T
9827,sequence,T
9828,sequence,A
9829,sequence,A
9830,sequence,G
9831,sequence,G
9832,sequence,C
9833,sequence,G
9834,sequence,C
9835,sequence,C
9836,sequence,C
9837,sequence,G
9838,sequence,A
9839,sequence,T
9840,sequence,G
9841,sequence,C
9842,sequence,C
9843,sequence,G
9844,sequence,A
9845,sequence,C
9846,sequence,G
9847,sequence,C
9848,sequence,T
9849,sequence,C
9850,sequence,A
9851,sequence,T
9852,sequence,C
9853,sequence,A
9854,sequence,G
9855,sequence,A
9856,sequence,C
9857,sequence,C
9858,sequence,C
9859,sequence,C
9860,sequence,A
9861,sequence,G
9862,sequence,A
9863,sequence,A
9864,sequence,A
9865,sequence,A
9866,sequence,G
9867,sequence,G
9868,sequence,T
9869,sequence,G
9870,sequence,T
9871,sequence,T
9872,sequence,G
9873,sequence,G
9874,sequence,T
9875,sequence,T
9876,sequence,G
9877,sequence,A
9878,sequence,T
9879,sequence,A
9880,sequence,T
9881,sequence,A
9882,sequence,G
9883,sequence,A
9884,sequence,C
9885,sequence,A
9886,sequence,G
9887,sequence,C
9888,sequence,A
9889,sequence,G
9890,sequence,G
9891,sequence,A
9892,sequence,C
9893,sequence,G
9894,sequence,G
9895,sequence,T
9896,sequence,G
9897,sequence,G
9898,sequence,C
9899,sequence,C
9900,sequence,A
9901,sequence,T
9902,sequence,G
9903,sequence,G
9904,sequence,A
9905,sequence,A
9906,sequence,G
9907,sequence,T
9908,sequence,C
9909,sequence,G
9910,sequence,G
9911,sequence,A
9912,sequence,A
9913,sequence,T
9914,sequence,C
9915,sequence,C
9916,sequence,G
9917,sequence,C
9918,sequence,T
9919,sequence,A
9920,sequence,A
9921,sequence,G
9922,sequence,G
9923,sequence,A
9924,sequence,G
9925,sequence,T
9926,sequence,G
9927,sequence,T
9928,sequence,G
9929,sequence,T
9930,sequence,A
9931,sequence,A
9932,sequence,C
9933,sequence,A
9934,sequence,A
9935,sequence,C
9936,sequence,T
9937,sequence,C
9938,sequence,A
9939,sequence,C
9940,sequence,C
9941,sequence,T
9942,sequence,G
9943,sequence,C
9944,sequence,C
9945,sequence,G
9946,sequence,A
9947,sequence,A
9948,sequence,T
9949,sequence,C
9950,sequence,A
9951,sequence,A
9952,sequence,C
9953,sequence,T
9954,sequence,A
9955,sequence,G
9956,sequence,C
9957,sequence,C
9958,sequence,C
9959,sequence,T
9960,sequence,G
9961,sequence,A
9962,sequence,A
9963,sequence,A
9964,sequence,A
9965,sequence,T
9966,sequence,G
9967,sequence,G
9968,sequence,A
9969,sequence,T
9970,sequence,G
9971,sequence,G
9972,sequence,C
9973,sequence,G
9974,sequence,C
9975,sequence,T
9976,sequence,G
9977,sequence,G
9978,sequence,A
9979,sequence,G
9980,sequence,C
9981,sequence,G
9982,sequence,T
9983,sequence,C
9984,sequence,G
9985,sequence,G
9986,sequence,G
9987,sequence,C
9988,sequence,C
9989,sequence,C
9990,sequence,A
9991,sequence,T
9992,sequence,A
9993,sequence,C
9994,sequence,C
9995,sequence,C
9996,sequence,G
9997,sequence,G
9998,sequence,C
9999,sequence,C
10000,sequence,G
10001,sequence,T
10002,sequence,C
10003,sequence,G
10004,sequence,C
10005,sequence,C
10006,sequence,G
10007,sequence,G
10008,sequence,C
10009,sequence,A
10010,sequence,G
10011,sequence,T
10012,sequence,C
10013,sequence,G
10014,sequence,A
10015,sequence,G
10016,sequence,A
10017,sequence,G
10018,sequence,T
10019,sequence,G
10020,sequence,G
10021,sequence,A
10022,sequence,C
10023,sequence,G
10024,sequence,G
10025,sequence,G
10026,sequence,A
10027,sequence,G
10028,sequence,C
10029,sequence,G
10030,sequence,G
10031,sequence,C
10032,sequence,G
10033,sequence,G
10034,sequence,G
10035,sequence,G
10036,sequence,G
10037,sequence,C
10038,sequence,G
10039,sequence,G
10040,sequence,C
10041,sequence,G
10042,sequence,C
10043,sequence,G
10044,sequence,C
10045,sequence,G
10046,sequence,C
10047,sequence,G
10048,sequence,C
10049,sequence,G
10050,sequence,C
10051,sequence,G
10052,sequence,C
10053,sequence,G
10054,sequence,C
10055,sequence,G
10056,sequence,T
10057,sequence,G
10058,sequence,T
10059,sequence,G
10060,sequence,G
10061,sequence,T
10062,sequence,G
10063,sequence,T
10064,sequence,G
10065,sequence,C
10066,sequence,G
10067,sequence,T
10068,sequence,C
10069,sequence,G
10070,sequence,G
10071,sequence,A
10072,sequence,G
10073,sequence,G
10074,sequence,G
10075,sequence,C
10076,sequence,G
10077,sequence,G
10078,sequence,C
10079,sequence,G
10080,sequence,G
10081,sequence,C
10082,sequence,G
10083,sequence,G
10084,sequence,C
10085,sequence,G
10086,sequence,G
10087,sequence,C
10088,sequence,G
10089,sequence,G
10090,sequence,C
10091,sequence,G
10092,sequence,G
10093,sequence,C
10094,sequence,G
10095,sequence,G
10096,sequence,G
10097,sequence,G
10098,sequence,G
10099,sequence,T
10100,sequence,G
10101,sequence,T
10102,sequence,G
10103,sequence,G
10104,sequence,G
10105,sequence,G
10106,sequence,T
10107,sequence,C
10108,sequence,C
10109,sequence,T
10110,sequence,T
10111,sequence,C
10112,sequence,C
10113,sequence,C
10114,sequence,C
10115,sequence,C
10116,sequence,G
10117,sequence,C
10118,sequence,C
10119,sequence,C
10120,sequence,C
10121,sequence,C
10122,sequence,C
10123,sequence,C
10124,sequence,C
10125,sequence,C
10126,sequence,C
10127,sequence,C
10128,sequence,A
10129,sequence,C
10130,sequence,G
10131,sequence,C
10132,sequence,C
10133,sequence,T
10134,sequence,C
10135,sequence,C
10136,sequence,T
10137,sequence,C
10138,sequence,C
10139,sequence,C
10140,sequence,C
10141,sequence,T
10142,sequence,C
10143,sequence,C
10144,sequence,T
10145,sequence,C
10146,sequence,C
10147,sequence,C
10148,sequence,G
10149,sequence,C
10150,sequence,C
10151,sequence,C
10152,sequence,A
10153,sequence,C
10154,sequence,G
10155,sequence,C
10156,sequence,C
10157,sequence,C
10158,sequence,C
10159,sequence,G
10160,sequence,C
10161,sequence,T
10162,sequence,C
10163,sequence,C
10164,sequence,C
10165,sequence,C
10166,sequence,G
10167,sequence,C
10168,sequence,C
10169,sequence,C
10170,sequence,C
10171,sequence,C
10172,sequence,G
10173,sequence,G
10174,sequence,A
10175,sequence,G
10176,sequence,C
10177,sequence,C
10178,sequence,C
10179,sequence,C
10180,sequence,G
10181,sequence,C
10182,sequence,G
10183,sequence,G
10184,sequence,A
10185,sequence,C
10186,sequence,G
10187,sequence,C
10188,sequence,T
10189,sequence,A
10190,sequence,C
10191,sequence,G
10192,sequence,C
10193,sequence,C
10194,sequence,G
10195,sequence,C
10196,sequence,G
10197,sequence,A
10198,sequence,C
10199,sequence,G
10200,sequence,A
10201,sequence,G
10202,sequence,T
10203,sequence,A
10204,sequence,G
10205,sequence,G
10206,sequence,A
10207,sequence,G
10208,sequence,G
10209,sequence,G
10210,sequence,C
10211,sequence,C
10212,sequence,G
10213,sequence,C
10214,sequence,T
10215,sequence,G
10216,sequence,C
10217,sequence,G
10218,sequence,G
10219,sequence,T
10220,sequence,G
10221,sequence,A
10222,sequence,G
10223,sequence,C
10224,sequence,C
10225,sequence,T
10226,sequence,T
10227,sequence,G
10228,sequence,A
10229,sequence,A
10230,sequence,G
10231,sequence,C
10232,sequence,C
10233,sequence,T
10234,sequence,A
10235,sequence,G
10236,sequence,G
10237,sequence,G
10238,sequence,C
10239,sequence,G
10240,sequence,C
10241,sequence,G
10242,sequence,G
10243,sequence,G
10244,sequence,C
10245,sequence,C
10246,sequence,C
10247,sequence,G
10248,sequence,G
10249,sequence,G
10250,sequence,T
10251,sequence,G
10252,sequence,G
10253,sequence,A
10254,sequence,G
10255,sequence,C
10256,sequence,C
10257,sequence,G
10258,sequence,C
10259,sequence,C
10260,sequence,G
10261,sequence,C
10262,sequence,A
10263,sequence,G
10264,sequence,G
10265,sequence,T
10266,sequence,G
10267,sequence,C
10268,sequence,A
10269,sequence,G
10270,sequence,A
10271,sequence,T
10272,sequence,C
10273,sequence,T
10274,sequence,T
10275,sequence,G
10276,sequence,G
10277,sequence,T
10278,sequence,G
10279,sequence,G
10280,sequence,T
10281,sequence,A
10282,sequence,G
10283,sequence,T
10284,sequence,A
10285,sequence,G
10286,sequence,C
10287,sequence,A
10288,sequence,A
10289,sequence,A
10290,sequence,T
10291,sequence,A
10292,sequence,T
10293,sequence,T
10294,sequence,C
10295,sequence,A
10296,sequence,A
10297,sequence,A
10298,sequence,C
10299,sequence,G
10300,sequence,A
10301,sequence,G
10302,sequence,A
10303,sequence,A
10304,sequence,C
10305,sequence,T
10306,sequence,T
10307,sequence,T
10308,sequence,G
10309,sequence,A
10310,sequence,A
10311,sequence,G
10312,sequence,G
10313,sequence,C
10314,sequence,C
10315,sequence,G
10316,sequence,A
10317,sequence,A
10318,sequence,G
10319,sequence,T
10320,sequence,G
10321,sequence,G
10322,sequence,A
10323,sequence,G
10324,sequence,A
10325,sequence,A
10326,sequence,G
10327,sequence,G
10328,sequence,G
10329,sequence,T
10330,sequence,T
10331,sequence,C
10332,sequence,C
10333,sequence,A
10334,sequence,T
10335,sequence,G
10336,sequence,T
10337,sequence,G
10338,sequence,A
10339,sequence,A
10340,sequence,C
10341,sequence,A
10342,sequence,G
10343,sequence,C
10344,sequence,A
10345,sequence,G
10346,sequence,T
10347,sequence,T
10348,sequence,G
10349,sequence,A
10350,sequence,A
10351,sequence,C
10352,sequence,A
10353,sequence,T
10354,sequence,G
10355,sequence,G
10356,sequence,G
10357,sequence,T
10358,sequence,C
10359,sequence,A
10360,sequence,G
10361,sequence,T
10362,sequence,C
10363,sequence,G
10364,sequence,G
10365,sequence,T
10366,sequence,C
10367,sequence,C
10368,sequence,T
10369,sequence,G
10370,sequence,A
10371,sequence,G
10372,sequence,A
10373,sequence,G
10374,sequence,A
10375,sequence,T
10376,sequence,G
10377,sequence,G
10378,sequence,G
10379,sequence,C
10380,sequence,G
10381,sequence,A
10382,sequence,G
10383,sequence,C
10384,sequence,G
10385,sequence,C
10386,sequence,C
10387,sequence,G
10388,sequence,T
10389,sequence,T
10390,sequence,C
10391,sequence,C
10392,sequence,G
10393,sequence,A
10394,sequence,A
10395,sequence,G
10396,sequence,G
10397,sequence,G
10398,sequence,A
10399,sequence,C
10400,sequence,G
10401,sequence,G
10402,sequence,G
10403,sequence,C
10404,sequence,G
10405,sequence,A
10406,sequence,T
10407,sequence,G
10408,sequence,G
10409,sequence,C
10410,sequence,C
10411,sequence,T
10412,sequence,C
10413,sequence,C
10414,sequence,G
10415,sequence,T
10416,sequence,T
10417,sequence,G
10418,sequence,C
10419,sequence,C
10420,sequence,C
10421,sequence,T
10422,sequence,C
10423,sequence,G
10424,sequence,G
10425,sequence,C
10426,sequence,C
10427,sequence,G
10428,sequence,A
10429,sequence,T
10430,sequence,C
10431,sequence,G
10432,sequence,A
10433,sequence,A
10434,sequence,A
10435,sequence,G
10436,sequence,G
10437,sequence,G
10438,sequence,A
10439,sequence,G
10440,sequence,T
10441,sequence,C
10442,sequence,G
10443,sequence,G
10444,sequence,G
10445,sequence,T
10446,sequence,T
10447,sequence,C
10448,sequence,A
10449,sequence,G
10450,sequence,A
10451,sequence,T
10452,sequence,C
10453,sequence,C
10454,sequence,C
10455,sequence,C
10456,sequence,G
10457,sequence,A
10458,sequence,A
10459,sequence,T
10460,sequence,C
10461,sequence,C
10462,sequence,G
10463,sequence,G
10464,sequence,A
10465,sequence,G
10466,sequence,T
10467,sequence,G
10468,sequence,G
10469,sequence,C
10470,sequence,G
10471,sequence,G
10472,sequence,A
10473,sequence,G
10474,sequence,A
10475,sequence,T
10476,sequence,G
10477,sequence,G
10478,sequence,G
10479,sequence,C
10480,sequence,G
10481,sequence,C
10482,sequence,C
10483,sequence,G
10484,sequence,C
10485,sequence,G
10486,sequence,A
10487,sequence,G
10488,sequence,G
10489,sequence,C
10490,sequence,G
10491,sequence,T
10492,sequence,C
10493,sequence,C
10494,sequence,A
10495,sequence,G
10496,sequence,T
10497,sequence,G
10498,sequence,C
10499,sequence,G
10500,sequence,G
10501,sequence,T
10502,sequence,A
10503,sequence,A
10504,sequence,C
10505,sequence,G
10506,sequence,C
10507,sequence,G
10508,sequence,A
10509,sequence,C
10510,sequence,C
10511,sequence,G
10512,sequence,A
10513,sequence,T
10514,sequence,C
10515,sequence,C
10516,sequence,C
10517,sequence,G
10518,sequence,G
10519,sequence,A
10520,sequence,G
10521,sequence,A
10522,sequence,A
10523,sequence,G
10524,sequence,C
10525,sequence,C
10526,sequence,G
10527,sequence,G
10528,sequence,C
10529,sequence,G
10530,sequence,G
10531,sequence,G
10532,sequence,A
10533,sequence,G
10534,sequence,C
10535,sequence,C
10536,sequence,C
10537,sequence,C
10538,sequence,G
10539,sequence,G
10540,sequence,G
10541,sequence,G
10542,sequence,A
10543,sequence,G
10544,sequence,A
10545,sequence,G
10546,sequence,T
10547,sequence,T
10548,sequence,C
10549,sequence,T
10550,sequence,C
10551,sequence,T
10552,sequence,T
10553,sequence,T
10554,sequence,T
10555,sequence,C
10556,sequence,T
10557,sequence,T
10558,sequence,T
10559,sequence,G
10560,sequence,T
10561,sequence,G
10562,sequence,A
10563,sequence,A
10564,sequence,G
10565,sequence,G
10566,sequence,G
10567,sequence,C
10568,sequence,A
10569,sequence,G
10570,sequence,G
10571,sequence,G
10572,sequence,C
10573,sequence,G
10574,sequence,C
10575,sequence,C
10576,sequence,C
10577,sequence,T
10578,sequence,G
10579,sequence,G
10580,sequence,A
10581,sequence,A
10582,sequence,T
10583,sequence,G
10584,sequence,G
10585,sequence,G
10586,sequence,T
10587,sequence,T
10588,sequence,C
10589,sequence,G
10590,sequence,C
10591,sequence,C
10592,sequence,C
10593,sequence,C
10594,sequence,G
10595,sequence,A
10596,sequence,G
10597,sequence,A
10598,sequence,G
10599,sequence,A
10600,sequence,G
10601,sequence,G
10602,sequence,G
10603,sequence,G
10604,sequence,C
10605,sequence,C
10606,sequence,C
10607,sequence,G
10608,sequence,T
10609,sequence,G
10610,sequence,C
10611,sequence,C
10612,sequence,T
10613,sequence,T
10614,sequence,G
10615,sequence,G
10616,sequence,A
10617,sequence,A
10618,sequence,A
10619,sequence,G
10620,sequence,C
10621,sequence,G
10622,sequence,T
10623,sequence,C
10624,sequence,G
10625,sequence,C
10626,sequence,G
10627,sequence,G
10628,sequence,T
10629,sequence,T
10630,sequence,C
10631,sequence,C
10632,sequence,G
10633,sequence,G
10634,sequence,C
10635,sequence,G
10636,sequence,G
10637,sequence,C
10638,sequence,G
10639,sequence,T
10640,sequence,C
10641,sequence,C
10642,sequence,G
10643,sequence,G
10644,sequence,T
10645,sequence,G
10646,sequence,A
10647,sequence,G
10648,sequence,C
10649,sequence,T
10650,sequence,C
10651,sequence,T
10652,sequence,C
10653,sequence,G
10654,sequence,C
10655,sequence,T
10656,sequence,G
10657,sequence,G
10658,sequence,C
10659,sequence,C
10660,sequence,C
10661,sequence,T
10662,sequence,T
10663,sequence,G
10664,sequence,A
10665,sequence,A
10666,sequence,A
10667,sequence,A
10668,sequence,T
10669,sequence,C
10670,sequence,C
10671,sequence,G
10672,sequence,G
10673,sequence,G
10674,sequence,G
10675,sequence,G
10676,sequence,A
10677,sequence,G
10678,sequence,A
10679,sequence,G
10680,sequence,G
10681,sequence,G
10682,sequence,T
10683,sequence,G
10684,sequence,T
10685,sequence,A
10686,sequence,A
10687,sequence,A
10688,sequence,T
10689,sequence,C
10690,sequence,T
10691,sequence,C
10692,sequence,G
10693,sequence,C
10694,sequence,G
10695,sequence,C
10696,sequence,C
10697,sequence,G
10698,sequence,G
10699,sequence,G
10700,sequence,C
10701,sequence,C
10702,sequence,G
10703,sequence,T
10704,sequence,A
10705,sequence,C
10706,sequence,C
10707,sequence,C
10708,sequence,A
10709,sequence,T
10710,sequence,A
10711,sequence,T
10712,sequence,C
10713,sequence,C
10714,sequence,G
10715,sequence,C
10716,sequence,A
10717,sequence,G
10718,sequence,C
10719,sequence,A
10720,sequence,G
10721,sequence,G
10722,sequence,T
10723,sequence,C
10724,sequence,T
10725,sequence,C
10726,sequence,C
10727,sequence,A
10728,sequence,A
10729,sequence,G
10730,sequence,G
10731,sequence,T
10732,sequence,G
10733,sequence,A
10734,sequence,A
10735,sequence,C
10736,sequence,A
10737,sequence,G
10738,sequence,C
10739,sequence,C
10740,sequence,T
10741,sequence,C
10742,sequence,T
10743,sequence,G
10744,sequence,G
10745,sequence,C
10746,sequence,A
10747,sequence,T
10748,sequence,G
10749,sequence,T
10750,sequence,T
10751,sequence,G
10752,sequence,G
10753,sequence,A
10754,sequence,A
10755,sequence,C
10756,sequence,A
10757,sequence,A
10758,sequence,T
10759,sequence,G
10760,sequence,T
10761,sequence,A
10762,sequence,G
10763,sequence,G
10764,sequence,T
10765,sequence,A
10766,sequence,A
10767,sequence,G
10768,sequence,G
10769,sequence,G
10770,sequence,A
10771,sequence,A
10772,sequence,G
10773,sequence,T
10774,sequence,C
10775,sequence,G
10776,sequence,G
10777,sequence,C
10778,sequence,A
10779,sequence,A
10780,sequence,G
10781,sequence,C
10782,sequence,C
10783,sequence,G
10784,sequence,G
10785,sequence,A
10786,sequence,T
10787,sequence,C
10788,sequence,C
10789,sequence,G
10790,sequence,T
10791,sequence,A
10792,sequence,A
10793,sequence,C
10794,sequence,T
10795,sequence,T
10796,sequence,C
10797,sequence,G
10798,sequence,G
10799,sequence,G
10800,sequence,A
10801,sequence,T
10802,sequence,A
10803,sequence,A
10804,sequence,G
10805,sequence,G
10806,sequence,A
10807,sequence,T
10808,sequence,T
10809,sequence,G
10810,sequence,G
10811,sequence,C
10812,sequence,T
10813,sequence,C
10814,sequence,T
10815,sequence,A
10816,sequence,A
10817,sequence,G
10818,sequence,G
10819,sequence,G
10820,sequence,C
10821,sequence,T
10822,sequence,G
10823,sequence,G
10824,sequence,G
10825,sequence,T
10826,sequence,C
10827,sequence,G
10828,sequence,G
10829,sequence,T
10830,sequence,C
10831,sequence,G
10832,sequence,G
10833,sequence,G
10834,sequence,C
10835,sequence,T
10836,sequence,G
10837,sequence,G
10838,sequence,G
10839,sequence,G
10840,sequence,C
10841,sequence,G
10842,sequence,C
10843,sequence,G
10844,sequence,A
10845,sequence,A
10846,sequence,G
10847,sequence,C
10848,sequence,G
10849,sequence,G
10850,sequence,G
10851,sequence,G
10852,sequence,C
10853,sequence,T
10854,sequence,G
10855,sequence,G
10856,sequence,G
10857,sequence,C
10858,sequence,G
10859,sequence,C
10860,sequence,G
10861,sequence,C
10862,sequence,G
10863,sequence,C
10864,sequence,C
10865,sequence,G
10866,sequence,C
10867,sequence,G
10868,sequence,G
10869,sequence,C
10870,sequence,T
10871,sequence,G
10872,sequence,G
10873,sequence,A
10874,sequence,C
10875,sequence,G
10876,sequence,A
10877,sequence,G
10878,sequence,G
10879,sequence,C
10880,sequence,G
10881,sequence,CCG
10882,sequence,C
10883,sequence,C
10884,sequence,G
10885,sequence,C
10886,sequence,C
10887,sequence,C
10888,sequence,C
10889,sequence,C
10890,sequence,C
10891,sequence,C
10892,sequence,C
10893,sequence,A
10894,sequence,C
10895,sequence,G
10896,sequence,C
10897,sequence,C
10898,sequence,C
10899,sequence,G
10900,sequence,G
10901,sequence,G
10902,sequence,G
10903,sequence,C
10904,sequence,A
10905,sequence,C
10906,sequence,C
10907,sequence,C
10908,sequence,C
10909,sequence,C
10910,sequence,C
10911,sequence,T
10912,sequence,C
10913,sequence,G
10914,sequence,C
10915,sequence,G
10916,sequence,G
10917,sequence,C
10918,sequence,C
10919,sequence,C
10920,sequence,T
10921,sequence,C
10922,sequence,C
10923,sequence,C
10924,sequence,C
10925,sequence,C
10926,sequence,G
10927,sequence,C
10928,sequence,C
10929,sequence,C
10930,sequence,C
10931,sequence,AC
10932,sequence,C
10933,sequence,C
10934,sequence,C
10935,sequence,G
10936,sequence,C
10937,sequence,G
10938,sequence,C
10939,sequence,G
10940,sequence,C
10941,sequence,G
10942,sequence,C
10943,sequence,C
10944,sequence,G
10945,sequence,C
10946,sequence,T
10947,sequence,C
10948,sequence,G
10949,sequence,C
10950,sequence,T
10951,sequence,C
10952,sequence,C
10953,sequence,C
10954,sequence,T
10955,sequence,C
10956,sequence,C
10957,sequence,C
10958,sequence,C
10959,sequence,A
10960,sequence,C
10961,sequence,C
10962,sequence,C
10963,sequence,C
10964,sequence,G
10965,sequence,C
10966,sequence,G
10967,sequence,C
10968,sequence,C
10969,sequence,C
10970,sequence,T
10971,sequence,C
10972,sequence,T
10973,sequence,C
10974,sequence,T
10975,sequence,C
10976,sequence,T
10977,sequence,C
10978,sequence,T
10979,sequence,C
10980,sequence,T
10981,sequence,C
10982,sequence,T
10983,sequence,C
10984,sequence,T
10985,sequence,C
10986,sequence,C
10987,sequence,C
10988,sequence,C
10989,sequence,C
10990,sequence,G
10991,sequence,C
10992,sequence,T
10993,sequence,C
10994,sequence,C
10995,sequence,C
10996,sequence,C
10997,sequence,G
10998,sequence,T
10999,sequence,C
11000,sequence,C
11001,sequence,T
11002,sequence,C
11003,sequence,C
11004,sequence,C
11005,sequence,C
11006,sequence,C
11007,sequence,C
11008,sequence,T
11009,sequence,C
11010,sequence,C
11011,sequence,C
11012,sequence,C
11013,sequence,G
11014,sequence,G
11015,sequence,G
11016,sequence,G
11017,sequence,G
11018,sequence,A
11019,sequence,G
11020,sequence,C
11021,sequence,G
11022,sequence,C
11023,sequence,C
11024,sequence,G
11025,sequence,C
11026,sequence,G
11027,sequence,T
11028,sequence,G
11029,sequence,G
11030,sequence,G
11031,sequence,G
11032,sequence,G
11033,sequence,CG
11034,sequence,G
11035,sequence,C
11036,sequence,G
11037,sequence,G
11038,sequence,C
11039,sequence,G
11040,sequence,G
11041,sequence,G
11042,sequence,G
11043,sequence,G
11044,sequence,G
11045,sequence,A
11046,sequence,G
11047,sequence,A
11048,sequence,A
11049,sequence,G
11050,sequence,G
11051,sequence,G
11052,sequence,T
11053,sequence,C
11054,sequence,G
11055,sequence,G
11056,sequence,G
11057,sequence,G
11058,sequence,C
11059,sequence,G
11060,sequence,G
11061,sequence,C
11062,sequence,A
11063,sequence,G
11064,sequence,G
11065,sequence,G
11066,sequence,G
11067,sequence,C
11068,sequence,C
11069,sequence,G
11070,sequence,0
11071,sequence,G
11072,sequence,C
11073,sequence,G
11074,sequence,G
11075,sequence,C
11076,sequence,G
11077,sequence,GC
11078,sequence,C
11079,sequence,C
11080,sequence,G
11081,sequence,C
11082,sequence,C
11083,sequence,G
11084,sequence,G
11085,sequence,G
11086,sequence,GCC
11087,sequence,C
11088,sequence,G
11089,sequence,G
11090,sequence,C
11091,sequence,C
11092,sequence,G
11093,sequence,G
11094,sequence,C
11095,sequence,G
11096,sequence,G
11097,sequence,G
11098,sequence,G
11099,sequence,G
11100,sequence,C
11101,sequence,AC
11102,sequence,G
11103,sequence,G
11104,sequence,TC
11105,sequence,C
11106,sequence,C
11107,sequence,C
11108,sequence,C
11109,sequence,G
11110,sequence,C
11111,sequence,G
11112,sequence,A
11113,sequence,G
11114,sequence,G
11115,sequence,G
11116,sequence,G
11117,sequence,G
11118,sequence,G
11119,sequence,0
11120,sequence,C
11121,sequence,C
11122,sequence,C
11123,sequence,G
11124,sequence,G
11125,sequence,G
11126,sequence,C
11127,sequence,A
11128,sequence,C
11129,sequence,C
11130,sequence,C
11131,sequence,G
11132,sequence,G
11133,sequence,G
11134,sequence,G
11135,sequence,G
11136,sequence,G
11137,sequence,C
11138,sequence,C
11139,sequence,G
11140,sequence,G
11141,sequence,C
11142,sequence,G
11143,sequence,G
11144,sequence,C
11145,sequence,G
11146,sequence,G
11147,sequence,C
11148,sequence,G
11149,sequence,G
11150,sequence,C
11151,sequence,G
11152,sequence,A
11153,sequence,C
11154,sequence,T
11155,sequence,C
11156,sequence,T
11157,sequence,G
11158,sequence,G
11159,sequence,A
11160,sequence,C
11161,sequence,G
11162,sequence,C
11163,sequence,G
11164,sequence,A
11165,sequence,G
11166,sequence,C
11167,sequence,C
11168,sequence,G
11169,sequence,G
11170,sequence,G
11171,sequence,C
11172,sequence,C
11173,sequence,C
11174,sequence,T
11175,sequence,T
11176,sequence,C
11177,sequence,C
11178,sequence,C
11179,sequence,G
11180,sequence,T
11181,sequence,G
11182,sequence,G
11183,sequence,A
11184,sequence,T
11185,sequence,C
11186,sequence,G
11187,sequence,C
11188,sequence,C
11189,sequence,C
11190,sequence,C
11191,sequence,A
11192,sequence,G
11193,sequence,C
11194,sequence,T
11195,sequence,G
11196,sequence,C
11197,sequence,G
11198,sequence,G
11199,sequence,C
11200,sequence,G
11201,sequence,G
11202,sequence,G
11203,sequence,C
11204,sequence,G
11205,sequence,T
11206,sequence,C
11207,sequence,G
11208,sequence,C
11209,sequence,G
11210,sequence,G
11211,sequence,C
11212,sequence,C
11213,sequence,G
11214,sequence,C
11215,sequence,C
11216,sequence,C
11217,sequence,C
11218,sequence,C
11219,sequence,G
11220,sequence,G
11221,sequence,G
11222,sequence,G
11223,sequence,A
11224,sequence,G
11225,sequence,C
11226,sequence,C
11227,sequence,C
11228,sequence,G
11229,sequence,G
11230,sequence,C
11231,sequence,G
11232,sequence,G
11233,sequence,C
11234,sequence,G
11235,sequence,G
11236,sequence,C
11237,sequence,G
11238,sequence,C
11239,sequence,G
11240,sequence,G
11241,sequence,C
11242,sequence,G
11243,sequence,C
11244,sequence,G
11245,sequence,C
11246,sequence,C
11247,sequence,C
11248,sequence,C
11249,sequence,C
11250,sequence,C
11251,sequence,A
11252,sequence,C
11253,sequence,C
11254,sequence,C
11255,sequence,C
11256,sequence,C
11257,sequence,A
11258,sequence,C
11259,sequence,C
11260,sequence,C
11261,sequence,C
11262,sequence,A
11263,sequence,C
11264,sequence,G
11265,sequence,T
11266,sequence,C
11267,sequence,T
11268,sequence,C
11269,sequence,0
11270,sequence,G
11271,sequence,T
11272,sequence,C
11273,sequence,G
11274,sequence,C
11275,sequence,G
11276,sequence,C
11277,sequence,G
11278,sequence,C
11279,sequence,G
11280,sequence,C
11281,sequence,G
11282,sequence,T
11283,sequence,C
11284,sequence,C
11285,sequence,G
11286,sequence,C
11287,sequence,T
11288,sequence,G
11289,sequence,G
11290,sequence,G
11291,sequence,G
11292,sequence,G
11293,sequence,CG
11294,sequence,G
11295,sequence,G
11296,sequence,G
11297,sequence,A
11298,sequence,G
11299,sequence,C
11300,sequence,G
11301,sequence,G
11302,sequence,T
11303,sequence,C
11304,sequence,G
11305,sequence,G
11306,sequence,G
11307,sequence,C
11308,sequence,G
11309,sequence,G
11310,sequence,C
11311,sequence,G
11312,sequence,G
11313,sequence,C
11314,sequence,G
11315,sequence,G
11316,sequence,T
11317,sequence,C
11318,sequence,G
11319,sequence,G
11320,sequence,C
11321,sequence,G
11322,sequence,G
11323,sequence,G
11324,sequence,C
11325,sequence,G
11326,sequence,G
11327,sequence,C
11328,sequence,G
11329,sequence,G
11330,sequence,G
11331,sequence,G
11332,sequence,C
11333,sequence,G
11334,sequence,G
11335,sequence,G
11336,sequence,G
11337,sequence,C
11338,sequence,G
11339,sequence,G
11340,sequence,T
11341,sequence,T
11342,sequence,C
11343,sequence,G
11344,sequence,T
11345,sequence,C
11346,sequence,C
11347,sequence,C
11348,sequence,C
11349,sequence,C
11350,sequence,C
11351,sequence,G
11352,sequence,C
11353,sequence,C
11354,sequence,C
11355,sequence,T
11356,sequence,A
11357,sequence,C
11358,sequence,C
11359,sequence,C
11360,sequence,C
11361,sequence,C
11362,sequence,C
11363,sequence,C
11364,sequence,G
11365,sequence,G
11366,sequence,C
11367,sequence,C
11368,sequence,C
11369,sequence,C
11370,sequence,G
11371,sequence,T
11372,sequence,C
11373,sequence,C
11374,sequence,G
11375,sequence,C
11376,sequence,C
11377,sequence,C
11378,sequence,C
11379,sequence,C
11380,sequence,C
11381,sequence,G
11382,sequence,T
11383,sequence,T
11384,sequence,C
11385,sequence,C
11386,sequence,C
11387,sequence,C
11388,sequence,C
11389,sequence,C
11390,sequence,T
11391,sequence,C
11392,sequence,C
11393,sequence,T
11394,sequence,C
11395,sequence,C
11396,sequence,T
11397,sequence,C
11398,sequence,G
11399,sequence,G
11400,sequence,C
11401,sequence,G
11402,sequence,C
11403,sequence,G
11404,sequence,C
11405,sequence,G
11406,sequence,G
11407,sequence,C
11408,sequence,G
11409,sequence,G
11410,sequence,C
11411,sequence,G
11412,sequence,G
11413,sequence,C
11414,sequence,G
11415,sequence,G
11416,sequence,C
11417,sequence,G
11418,sequence,G
11419,sequence,C
11420,sequence,A
11421,sequence,G
11422,sequence,G
11423,sequence,C
11424,sequence,G
11425,sequence,G
11426,sequence,C
11427,sequence,G
11428,sequence,G
11429,sequence,A
11430,sequence,G
11431,sequence,G
11432,sequence,G
11433,sequence,G
11434,sequence,C
11435,sequence,C
11436,sequence,G
11437,sequence,C
11438,sequence,G
11439,sequence,G
11440,sequence,G
11441,sequence,C
11442,sequence,C
11443,sequence,G
11444,sequence,G
11445,sequence,T
11446,sequence,C
11447,sequence,C
11448,sequence,C
11449,sequence,C
11450,sequence,C
11451,sequence,C
11452,sequence,C
11453,sequence,G
11454,sequence,C
11455,sequence,C
11456,sequence,G
11457,sequence,G
11458,sequence,G
11459,sequence,T
11460,sequence,C
11461,sequence,C
11462,sequence,G
11463,sequence,C
11464,sequence,C
11465,sequence,C
11466,sequence,C
11467,sequence,C
11468,sequence,G
11469,sequence,G
11470,sequence,G
11471,sequence,G
11472,sequence,C
11473,sequence,C
11474,sequence,G
11475,sequence,C
11476,sequence,G
11477,sequence,G
11478,sequence,T
11479,sequence,T
11480,sequence,C
11481,sequence,C
11482,sequence,G
11483,sequence,C
11484,sequence,G
11485,sequence,CG
11486,sequence,G
11487,sequence,C
11488,sequence,G
11489,sequence,C
11490,sequence,C
11491,sequence,T
11492,sequence,C
11493,sequence,G
11494,sequence,C
11495,sequence,C
11496,sequence,T
11497,sequence,C
11498,sequence,G
11499,sequence,G
11500,sequence,C
11501,sequence,C
11502,sequence,G
11503,sequence,G
11504,sequence,C
11505,sequence,G
11506,sequence,C
11507,sequence,C
11508,sequence,T
11509,sequence,A
11510,sequence,G
11511,sequence,C
11512,sequence,A
11513,sequence,G
11514,sequence,C
11515,sequence,C
11516,sequence,G
11517,sequence,A
11518,sequence,C
11519,sequence,T
11520,sequence,T
11521,sequence,A
11522,sequence,G
11523,sequence,A
11524,sequence,A
11525,sequence,C
11526,sequence,T
11527,sequence,G
11528,sequence,G
11529,sequence,T
11530,sequence,G
11531,sequence,C
11532,sequence,G
11533,sequence,G
11534,sequence,A
11535,sequence,C
11536,sequence,C
11537,sequence,A
11538,sequence,G
11539,sequence,G
11540,sequence,G
11541,sequence,G
11542,sequence,A
11543,sequence,A
11544,sequence,T
11545,sequence,C
11546,sequence,C
11547,sequence,G
11548,sequence,A
11549,sequence,C
11550,sequence,T
11551,sequence,G
11552,sequence,T
11553,sequence,T
11554,sequence,T
11555,sequence,A
11556,sequence,A
11557,sequence,T
11558,sequence,T
11559,sequence,A
11560,sequence,A
11561,sequence,A
11562,sequence,A
11563,sequence,C
11564,sequence,A
11565,sequence,A
11566,sequence,A
11567,sequence,G
11568,sequence,C
11569,sequence,A
11570,sequence,T
11571,sequence,C
11572,sequence,G
11573,sequence,C
11574,sequence,G
11575,sequence,A
11576,sequence,A
11577,sequence,G
11578,sequence,G
11579,sequence,C
11580,sequence,C
11581,sequence,C
11582,sequence,G
11583,sequence,C
11584,sequence,G
11585,sequence,G
11586,sequence,C
11587,sequence,G
11588,sequence,G
11589,sequence,G
11590,sequence,T
11591,sequence,G
11592,sequence,T
11593,sequence,T
11594,sequence,G
11595,sequence,A
11596,sequence,C
11597,sequence,G
11598,sequence,C
11599,sequence,G
11600,sequence,A
11601,sequence,T
11602,sequence,G
11603,sequence,T
11604,sequence,G
11605,sequence,A
11606,sequence,T
11607,sequence,T
11608,sequence,T
11609,sequence,C
11610,sequence,T
11611,sequence,G
11612,sequence,C
11613,sequence,C
11614,sequence,C
11615,sequence,A
11616,sequence,G
11617,sequence,T
11618,sequence,G
11619,sequence,C
11620,sequence,T
11621,sequence,C
11622,sequence,T
11623,sequence,G
11624,sequence,A
11625,sequence,A
11626,sequence,T
11627,sequence,G
11628,sequence,T
11629,sequence,C
11630,sequence,A
11631,sequence,A
11632,sequence,A
11633,sequence,G
11634,sequence,T
11635,sequence,G
11636,sequence,A
11637,sequence,A
11638,sequence,G
11639,sequence,A
11640,sequence,A
11641,sequence,A
11642,sequence,T
11643,sequence,T
11644,sequence,C
11645,sequence,A
11646,sequence,A
11647,sequence,T
11648,sequence,G
11649,sequence,A
11650,sequence,A
11651,sequence,G
11652,sequence,C
11653,sequence,G
11654,sequence,C
11655,sequence,G
11656,sequence,G
11657,sequence,G
11658,sequence,T
11659,sequence,A
11660,sequence,A
11661,sequence,A
11662,sequence,C
11663,sequence,G
11664,sequence,G
11665,sequence,C
11666,sequence,G
11667,sequence,G
11668,sequence,G
11669,sequence,A
11670,sequence,G
11671,sequence,T
11672,sequence,A
11673,sequence,A
11674,sequence,C
11675,sequence,T
11676,sequence,A
11677,sequence,T
11678,sequence,G
11679,sequence,A
11680,sequence,C
11681,sequence,T
11682,sequence,C
11683,sequence,T
11684,sequence,C
11685,sequence,T
11686,sequence,T
11687,sequence,A
11688,sequence,A
11689,sequence,G
11690,sequence,G
11691,sequence,T
11692,sequence,A
11693,sequence,G
11694,sequence,C
11695,sequence,C
11696,sequence,A
11697,sequence,A
11698,sequence,A
11699,sequence,T
11700,sequence,G
11701,sequence,C
11702,sequence,C
11703,sequence,T
11704,sequence,C
11705,sequence,G
11706,sequence,T
11707,sequence,C
11708,sequence,A
11709,sequence,T
11710,sequence,C
11711,sequence,T
11712,sequence,A
11713,sequence,A
11714,sequence,T
11715,sequence,T
11716,sequence,A
11717,sequence,G
11718,sequence,T
11719,sequence,G
11720,sequence,A
11721,sequence,C
11722,sequence,G
11723,sequence,C
11724,sequence,G
11725,sequence,C
11726,sequence,A
11727,sequence,T
11728,sequence,G
11729,sequence,A
11730,sequence,A
11731,sequence,T
11732,sequence,G
11733,sequence,G
11734,sequence,A
11735,sequence,T
11736,sequence,G
11737,sequence,A
11738,sequence,A
11739,sequence,C
11740,sequence,G
11741,sequence,A
11742,sequence,G
11743,sequence,A
11744,sequence,T
11745,sequence,T
11746,sequence,C
11747,sequence,C
11748,sequence,C
11749,sequence,A
11750,sequence,C
11751,sequence,T
11752,sequence,G
11753,sequence,T
11754,sequence,C
11755,sequence,C
11756,sequence,C
11757,sequence,T
11758,sequence,A
11759,sequence,C
11760,sequence,C
11761,sequence,T
11762,sequence,A
11763,sequence,C
11764,sequence,T
11765,sequence,A
11766,sequence,T
11767,sequence,C
11768,sequence,C
11769,sequence,A
11770,sequence,G
11771,sequence,C
11772,sequence,G
11773,sequence,A
11774,sequence,A
11775,sequence,A
11776,sequence,C
11777,sequence,C
11778,sequence,A
11779,sequence,C
11780,sequence,A
11781,sequence,G
11782,sequence,C
11783,sequence,C
11784,sequence,A
11785,sequence,A
11786,sequence,G
11787,sequence,G
11788,sequence,G
11789,sequence,A
11790,sequence,A
11791,sequence,C
11792,sequence,G
11793,sequence,G
11794,sequence,G
11795,sequence,C
11796,sequence,T
11797,sequence,T
11798,sequence,G
11799,sequence,G
11800,sequence,C
11801,sequence,G
11802,sequence,G
11803,sequence,A
11804,sequence,A
11805,sequence,T
11806,sequence,C
11807,sequence,A
11808,sequence,G
11809,sequence,C
11810,sequence,G
11811,sequence,G
11812,sequence,G
11813,sequence,G
11814,sequence,A
11815,sequence,A
11816,sequence,A
11817,sequence,G
11818,sequence,A
11819,sequence,A
11820,sequence,G
11821,sequence,A
11822,sequence,C
11823,sequence,C
11824,sequence,C
11825,sequence,T
11826,sequence,G
11827,sequence,T
11828,sequence,T
11829,sequence,G
11830,sequence,A
11831,sequence,G
11832,sequence,C
11833,sequence,T
11834,sequence,T
11835,sequence,G
11836,sequence,A
11837,sequence,C
11838,sequence,T
11839,sequence,C
11840,sequence,T
11841,sequence,A
11842,sequence,G
11843,sequence,T
11844,sequence,C
11845,sequence,T
11846,sequence,G
11847,sequence,G
11848,sequence,C
11849,sequence,A
11850,sequence,C
11851,sequence,G
11852,sequence,G
11853,sequence,T
11854,sequence,G
11855,sequence,A
11856,sequence,A
11857,sequence,G
11858,sequence,A
11859,sequence,G
11860,sequence,A
11861,sequence,C
11862,sequence,A
11863,sequence,T
11864,sequence,G
11865,sequence,A
11866,sequence,G
11867,sequence,A
11868,sequence,G
11869,sequence,G
11870,sequence,T
11871,sequence,G
11872,sequence,T
11873,sequence,A
11874,sequence,G
11875,sequence,A
11876,sequence,A
11877,sequence,T
11878,sequence,A
11879,sequence,A
11880,sequence,G
11881,sequence,T
11882,sequence,G
11883,sequence,G
11884,sequence,G
11885,sequence,A
11886,sequence,G
11887,sequence,G
11888,sequence,C
11889,sequence,C
11890,sequence,C
11891,sequence,C
11892,sequence,C
11893,sequence,G
11894,sequence,G
11895,sequence,C
11896,sequence,G
11897,sequence,C
11898,sequence,C
11899,sequence,C
11900,sequence,C
11901,sequence,C
11902,sequence,C
11903,sequence,C
11904,sequence,G
11905,sequence,G
11906,sequence,T
11907,sequence,G
11908,sequence,T
11909,sequence,C
11910,sequence,C
11911,sequence,C
11912,sequence,C
11913,sequence,G
11914,sequence,C
11915,sequence,G
11916,sequence,A
11917,sequence,G
11918,sequence,G
11919,sequence,G
11920,sequence,G
11921,sequence,C
11922,sequence,C
11923,sequence,C
11924,sequence,G
11925,sequence,G
11926,sequence,G
11927,sequence,G
11928,sequence,C
11929,sequence,G
11930,sequence,G
11931,sequence,G
11932,sequence,G
11933,sequence,T
11934,sequence,C
11935,sequence,C
11936,sequence,GC
11937,sequence,C
11938,sequence,G
11939,sequence,G
11940,sequence,C
11941,sequence,C
11942,sequence,C
11943,sequence,T
11944,sequence,G
11945,sequence,C
11946,sequence,G
11947,sequence,G
11948,sequence,G
11949,sequence,C
11950,sequence,C
11951,sequence,G
11952,sequence,C
11953,sequence,C
11954,sequence,G
11955,sequence,G
11956,sequence,T
11957,sequence,G
11958,sequence,A
11959,sequence,A
11960,sequence,A
11961,sequence,T
11962,sequence,A
11963,sequence,C
11964,sequence,C
11965,sequence,A
11966,sequence,C
11967,sequence,T
11968,sequence,A
11969,sequence,C
11970,sequence,T
11971,sequence,C
11972,sequence,T
11973,sequence,G
11974,sequence,A
11975,sequence,T
11976,sequence,C
11977,sequence,G
11978,sequence,T
11979,sequence,T
11980,sequence,T
11981,sequence,T
11982,sequence,T
11983,sequence,T
11984,sequence,C
11985,sequence,A
11986,sequence,C
11987,sequence,T
11988,sequence,G
11989,sequence,A
11990,sequence,C
11991,sequence,C
11992,sequence,C
11993,sequence,G
11994,sequence,G
11995,sequence,T
11996,sequence,G
11997,sequence,A
11998,sequence,G
11999,sequence,G
12000,sequence,C
12001,sequence,G
12002,sequence,G
12003,sequence,G
12004,sequence,G
12005,sequence,G
12006,sequence,G
12007,sequence,G
12008,sequence,C
12009,sequence,G
12010,sequence,A
12011,sequence,GC
12012,sequence,C
12013,sequence,C
12014,sequence,C
12015,sequence,G
12016,sequence,A
12017,sequence,G
12018,sequence,G
12019,sequence,G
12020,sequence,G
12021,sequence,C
12022,sequence,T
12023,sequence,C
12024,sequence,T
12025,sequence,C
12026,sequence,G
12027,sequence,C
12028,sequence,T
12029,sequence,T
12030,sequence,C
12031,sequence,T
12032,sequence,G
12033,sequence,G
12034,sequence,C
12035,sequence,G
12036,sequence,C
12037,sequence,C
12038,sequence,A
12039,sequence,A
12040,sequence,G
12041,sequence,C
12042,sequence,G
12043,sequence,C
12044,sequence,C
12045,sequence,C
12046,sequence,GGCCGCGC
12047,sequence,G
12048,sequence,C
12049,sequence,C
12050,sequence,G
12051,sequence,G
12052,sequence,C
12053,sequence,C
12054,sequence,G
12055,sequence,G
12056,sequence,G
12057,sequence,C
12058,sequence,G
12059,sequence,C
12060,sequence,G
12061,sequence,A
12062,sequence,C
12063,sequence,C
12064,sequence,C
12065,sequence,G
12066,sequence,C
12067,sequence,T
12068,sequence,C
12069,sequence,C
12070,sequence,G
12071,sequence,G
12072,sequence,G
12073,sequence,G
12074,sequence,A
12075,sequence,C
12076,sequence,A
12077,sequence,G
12078,sequence,T
12079,sequence,G
12080,sequence,C
12081,sequence,C
12082,sequence,A
12083,sequence,G
12084,sequence,G
12085,sequence,T
12086,sequence,G
12087,sequence,G
12088,sequence,G
12089,sequence,G
12090,sequence,A
12091,sequence,G
12092,sequence,T
12093,sequence,T
12094,sequence,T
12095,sequence,G
12096,sequence,A
12097,sequence,C
12098,sequence,T
12099,sequence,G
12100,sequence,G
12101,sequence,G
12102,sequence,G
12103,sequence,C
12104,sequence,G
12105,sequence,G
12106,sequence,T
12107,sequence,A
12108,sequence,C
12109,sequence,A
12110,sequence,C
12111,sequence,C
12112,sequence,T
12113,sequence,G
12114,sequence,T
12115,sequence,C
12116,sequence,A
12117,sequence,A
12118,sequence,A
12119,sequence,C
12120,sequence,G
12121,sequence,G
12122,sequence,T
12123,sequence,A
12124,sequence,A
12125,sequence,C
12126,sequence,G
12127,sequence,C
12128,sequence,A
12129,sequence,G
12130,sequence,G
12131,sequence,T
12132,sequence,G
12133,sequence,T
12134,sequence,C
12135,sequence,C
12136,sequence,T
12137,sequence,A
12138,sequence,A
12139,sequence,G
12140,sequence,G
12141,sequence,C
12142,sequence,G
12143,sequence,A
12144,sequence,G
12145,sequence,C
12146,sequence,T
12147,sequence,C
12148,sequence,A
12149,sequence,G
12150,sequence,G
12151,sequence,G
12152,sequence,A
12153,sequence,G
12154,sequence,G
12155,sequence,A
12156,sequence,C
12157,sequence,A
12158,sequence,G
12159,sequence,A
12160,sequence,A
12161,sequence,A
12162,sequence,C
12163,sequence,C
12164,sequence,T
12165,sequence,C
12166,sequence,C
12167,sequence,C
12168,sequence,G
12169,sequence,T
12170,sequence,G
12171,sequence,G
12172,sequence,A
12173,sequence,G
12174,sequence,C
12175,sequence,A
12176,sequence,G
12177,sequence,A
12178,sequence,A
12179,sequence,G
12180,sequence,G
12181,sequence,G
12182,sequence,C
12183,sequence,A
12184,sequence,A
12185,sequence,A
12186,sequence,A
12187,sequence,G
12188,sequence,C
12189,sequence,T
12190,sequence,C
12191,sequence,G
12192,sequence,C
12193,sequence,T
12194,sequence,T
12195,sequence,G
12196,sequence,A
12197,sequence,T
12198,sequence,C
12199,sequence,T
12200,sequence,T
12201,sequence,G
12202,sequence,A
12203,sequence,T
12204,sequence,T
12205,sequence,T
12206,sequence,T
12207,sequence,C
12208,sequence,A
12209,sequence,G
12210,sequence,T
12211,sequence,A
12212,sequence,C
12213,sequence,G
12214,sequence,A
12215,sequence,A
12216,sequence,T
12217,sequence,A
12218,sequence,C
12219,sequence,A
12220,sequence,G
12221,sequence,A
12222,sequence,C
12223,sequence,C
12224,sequence,G
12225,sequence,T
12226,sequence,G
12227,sequence,A
12228,sequence,A
12229,sequence,A
12230,sequence,G
12231,sequence,C
12232,sequence,G
12233,sequence,G
12234,sequence,G
12235,sequence,G
12236,sequence,C
12237,sequence,C
12238,sequence,T
12239,sequence,C
12240,sequence,A
12241,sequence,C
12242,sequence,G
12243,sequence,A
12244,sequence,T
12245,sequence,C
12246,sequence,C
12247,sequence,T
12248,sequence,T
12249,sequence,C
12250,sequence,T
12251,sequence,G
12252,sequence,A
12253,sequence,C
12254,sequence,C
12255,sequence,T
12256,sequence,T
12257,sequence,T
12258,sequence,T
12259,sequence,G
12260,sequence,G
12261,sequence,G
12262,sequence,T
12263,sequence,T
12264,sequence,T
12265,sequence,T
12266,sequence,A
12267,sequence,A
12268,sequence,G
12269,sequence,C
12270,sequence,A
12271,sequence,G
12272,sequence,G
12273,sequence,A
12274,sequence,G
12275,sequence,G
12276,sequence,T
12277,sequence,G
12278,sequence,T
12279,sequence,C
12280,sequence,A
12281,sequence,G
12282,sequence,A
12283,sequence,A
12284,sequence,A
12285,sequence,A
12286,sequence,G
12287,sequence,T
12288,sequence,T
12289,sequence,A
12290,sequence,C
12291,sequence,C
12292,sequence,A
12293,sequence,C
12294,sequence,A
12295,sequence,G
12296,sequence,G
12297,sequence,G
12298,sequence,A
12299,sequence,T
12300,sequence,A
12301,sequence,A
12302,sequence,C
12303,sequence,T
12304,sequence,G
12305,sequence,G
12306,sequence,C
12307,sequence,T
12308,sequence,T
12309,sequence,G
12310,sequence,T
12311,sequence,G
12312,sequence,G
12313,sequence,C
12314,sequence,G
12315,sequence,G
12316,sequence,C
12317,sequence,C
12318,sequence,A
12319,sequence,A
12320,sequence,G
12321,sequence,C
12322,sequence,G
12323,sequence,T
12324,sequence,T
12325,sequence,C
12326,sequence,A
12327,sequence,T
12328,sequence,A
12329,sequence,G
12330,sequence,C
12331,sequence,G
12332,sequence,A
12333,sequence,C
12334,sequence,G
12335,sequence,T
12336,sequence,C
12337,sequence,G
12338,sequence,C
12339,sequence,T
12340,sequence,T
12341,sequence,T
12342,sequence,T
12343,sequence,T
12344,sequence,G
12345,sequence,A
12346,sequence,T
12347,sequence,C
12348,sequence,C
12349,sequence,T
12350,sequence,T
12351,sequence,C
12352,sequence,G
12353,sequence,A
12354,sequence,T
12355,sequence,G
12356,sequence,T
12357,sequence,C
12358,sequence,G
12359,sequence,G
12360,sequence,C
12361,sequence,T
12362,sequence,C
12363,sequence,T
12364,sequence,T
12365,sequence,C
12366,sequence,C
12367,sequence,T
12368,sequence,A
12369,sequence,T
12370,sequence,C
12371,sequence,A
12372,sequence,T
12373,sequence,T
12374,sequence,G
12375,sequence,T
12376,sequence,G
12377,sequence,A
12378,sequence,A
12379,sequence,G
12380,sequence,C
12381,sequence,A
12382,sequence,G
12383,sequence,A
12384,sequence,A
12385,sequence,T
12386,sequence,T
12387,sequence,C
12388,sequence,A
12389,sequence,C
12390,sequence,C
12391,sequence,A
12392,sequence,A
12393,sequence,G
12394,sequence,C
12395,sequence,G
12396,sequence,T
12397,sequence,T
12398,sequence,G
12399,sequence,G
12400,sequence,A
12401,sequence,T
12402,sequence,T
12403,sequence,G
12404,sequence,T
12405,sequence,T
12406,sequence,C
12407,sequence,A
12408,sequence,C
12409,sequence,C
12410,sequence,C
12411,sequence,A
12412,sequence,C
12413,sequence,T
12414,sequence,A
12415,sequence,A
12416,sequence,T
12417,sequence,A
12418,sequence,G
12419,sequence,G
12420,sequence,G
12421,sequence,A
12422,sequence,A
12423,sequence,C
12424,sequence,G
12425,sequence,T
12426,sequence,G
12427,sequence,A
12428,sequence,G
12429,sequence,C
12430,sequence,T
12431,sequence,G
12432,sequence,G
12433,sequence,G
12434,sequence,T
12435,sequence,T
12436,sequence,T
12437,sequence,A
12438,sequence,G
12439,sequence,A
12440,sequence,C
12441,sequence,C
12442,sequence,G
12443,sequence,T
12444,sequence,C
12445,sequence,G
12446,sequence,T
12447,sequence,G
12448,sequence,A
12449,sequence,G
12450,sequence,A
12451,sequence,C
12452,sequence,A
12453,sequence,G
12454,sequence,G
12455,sequence,T
12456,sequence,T
12457,sequence,A
12458,sequence,G
12459,sequence,T
12460,sequence,T
12461,sequence,T
12462,sequence,T
12463,sequence,A
12464,sequence,C
12465,sequence,C
12466,sequence,C
12467,sequence,T
12468,sequence,A
12469,sequence,C
12470,sequence,T
12471,sequence,G
12472,sequence,A
12473,sequence,T
12474,sequence,G
12475,sequence,A
12476,sequence,T
12477,sequence,G
12478,sequence,T
12479,sequence,G
12480,sequence,T
12481,sequence,T
12482,sequence,G
12483,sequence,T
12484,sequence,T
12485,sequence,G
12486,sequence,C
12487,sequence,C
12488,sequence,A
12489,sequence,T
12490,sequence,G
12491,sequence,G
12492,sequence,T
12493,sequence,A
12494,sequence,A
12495,sequence,T
12496,sequence,C
12497,sequence,C
12498,sequence,T
12499,sequence,G
12500,sequence,C
12501,sequence,T
12502,sequence,C
12503,sequence,A
12504,sequence,G
12505,sequence,T
12506,sequence,A
12507,sequence,C
12508,sequence,G
12509,sequence,A
12510,sequence,G
12511,sequence,A
12512,sequence,G
12513,sequence,G
12514,sequence,A
12515,sequence,A
12516,sequence,C
12517,sequence,C
12518,sequence,G
12519,sequence,C
12520,sequence,A
12521,sequence,G
12522,sequence,G
12523,sequence,T
12524,sequence,T
12525,sequence,C
12526,sequence,A
12527,sequence,G
12528,sequence,A
12529,sequence,C
12530,sequence,A
12531,sequence,T
12532,sequence,T
12533,sequence,T
12534,sequence,G
12535,sequence,G
12536,sequence,T
12537,sequence,G
12538,sequence,T
12539,sequence,A
12540,sequence,T
12541,sequence,G
12542,sequence,T
12543,sequence,G
12544,sequence,C
12545,sequence,T
12546,sequence,T
12547,sequence,G
12548,sequence,G
12549,sequence,C
12550,sequence,T
12551,sequence,G
12552,sequence,A
12553,sequence,G
12554,sequence,G
12555,sequence,A
12556,sequence,G
12557,sequence,C
12558,sequence,C
12559,sequence,A
12560,sequence,A
12561,sequence,T
12562,sequence,G
12563,sequence,G
12564,sequence,G
12565,sequence,G
12566,sequence,C
12567,sequence,G
12568,sequence,A
12569,sequence,A
12570,sequence,G
12571,sequence,C
12572,sequence,T
12573,sequence,A
12574,sequence,C
12575,sequence,C
12576,sequence,A
12577,sequence,T
12578,sequence,C
12579,sequence,T
12580,sequence,G
12581,sequence,T
12582,sequence,G
12583,sequence,G
12584,sequence,G
12585,sequence,A
12586,sequence,T
12587,sequence,T
12588,sequence,A
12589,sequence,T
12590,sequence,G
12591,sequence,A
12592,sequence,C
12593,sequence,T
12594,sequence,G
12595,sequence,A
12596,sequence,A
12597,sequence,C
12598,sequence,G
12599,sequence,C
12600,sequence,C
12601,sequence,T
12602,sequence,C
12603,sequence,T
12604,sequence,A
12605,sequence,A
12606,sequence,G
12607,sequence,T
12608,sequence,C
12609,sequence,A
12610,sequence,G
12611,sequence,A
12612,sequence,A
12613,sequence,T
12614,sequence,C
12615,sequence,C
12616,sequence,C
12617,sequence,G
12618,sequence,C
12619,sequence,C
12620,sequence,C
12621,sequence,A
12622,sequence,G
12623,sequence,G
12624,sequence,CG
12625,sequence,G
12626,sequence,A
12627,sequence,A
12628,sequence,C
12629,sequence,G
12630,sequence,A
12631,sequence,T
12632,sequence,A
12633,sequence,C
12634,sequence,G
12635,sequence,G
12636,sequence,C
12637,sequence,A
12638,sequence,G
12639,sequence,C
12640,sequence,G
12641,sequence,C
12642,sequence,C
12643,sequence,G
12644,sequence,C
12645,sequence,G
12646,sequence,G
12647,sequence,A
12648,sequence,G
12649,sequence,C
12650,sequence,C
12651,sequence,T
12652,sequence,C
12653,sequence,G
12654,sequence,G
12655,sequence,T
12656,sequence,T
12657,sequence,G
12658,sequence,G
12659,sequence,C
12660,sequence,C
12661,sequence,T
12662,sequence,C
12663,sequence,G
12664,sequence,G
12665,sequence,A
12666,sequence,T
12667,sequence,A
12668,sequence,G
12669,sequence,C
12670,sequence,C
12671,sequence,G
12672,sequence,G
12673,sequence,T
12674,sequence,C
12675,sequence,C
12676,sequence,C
12677,sequence,C
12678,sequence,C
12679,sequence,G
12680,sequence,C
12681,sequence,C
12682,sequence,T
12683,sequence,G
12684,sequence,T
12685,sequence,C
12686,sequence,C
12687,sequence,C
12688,sequence,C
12689,sequence,G
12690,sequence,C
12691,sequence,C
12692,sequence,G
12693,sequence,G
12694,sequence,C
12695,sequence,G
12696,sequence,G
12697,sequence,G
12698,sequence,C
12699,sequence,C
12700,sequence,G
12701,sequence,C
12702,sequence,C
12703,sequence,C
12704,sequence,C
12705,sequence,C
12706,sequence,C
12707,sequence,C
12708,sequence,C
12709,sequence,T
12710,sequence,C
12711,sequence,C
12712,sequence,A
12713,sequence,C
12714,sequence,G
12715,sequence,C
12716,sequence,G
12717,sequence,C
12718,sequence,C
12719,sequence,C
12720,sequence,C
12721,sequence,G
12722,sequence,CGCG
12723,sequence,C
12724,sequence,G
12725,sequence,C
12726,sequence,G
12727,sequence,G
12728,sequence,G
12729,sequence,A
12730,sequence,G
12731,sequence,G
12732,sequence,G
12733,sequence,C
12734,sequence,G
12735,sequence,C
12736,sequence,G
12737,sequence,T
12738,sequence,G
12739,sequence,C
12740,sequence,C
12741,sequence,C
12742,sequence,C
12743,sequence,G
12744,sequence,C
12745,sequence,C
12746,sequence,G
12747,sequence,C
12748,sequence,G
12749,sequence,C
12750,sequence,G
12751,sequence,C
12752,sequence,C
12753,sequence,G
12754,sequence,G
12755,sequence,G
12756,sequence,A
12757,sequence,C
12758,sequence,C
12759,sequence,G
12760,sequence,G
12761,sequence,G
12762,sequence,G
12763,sequence,T
12764,sequence,C
12765,sequence,C
12766,sequence,G
12767,sequence,G
12768,sequence,T
12769,sequence,G
12770,sequence,C
12771,sequence,G
12772,sequence,G
12773,sequence,A
12774,sequence,G
12775,sequence,T
12776,sequence,G
12777,sequence,C
12778,sequence,C
12779,sequence,C
12780,sequence,T
12781,sequence,T
12782,sequence,C
12783,sequence,G
12784,sequence,T
12785,sequence,C
12786,sequence,C
12787,sequence,T
12788,sequence,G
12789,sequence,G
12790,sequence,G
12791,sequence,A
12792,sequence,A
12793,sequence,A
12794,sequence,C
12795,sequence,G
12796,sequence,G
12797,sequence,G
12798,sequence,G
12799,sequence,C
12800,sequence,G
12801,sequence,C
12802,sequence,G
12803,sequence,G
12804,sequence,C
12805,sequence,C
12806,sequence,G
12807,sequence,G
12808,sequence,A
12809,sequence,A
12810,sequence,A
12811,sequence,G
12812,sequence,G
12813,sequence,C
12814,sequence,G
12815,sequence,G
12816,sequence,C
12817,sequence,C
12818,sequence,G
12819,sequence,C
12820,sequence,C
12821,sequence,C
12822,sequence,C
12823,sequence,C
12824,sequence,T
12825,sequence,C
12826,sequence,G
12827,sequence,C
12828,sequence,C
12829,sequence,C
12830,sequence,G
12831,sequence,T
12832,sequence,C
12833,sequence,A
12834,sequence,C
12835,sequence,G
12836,sequence,C
12837,sequence,A
12838,sequence,C
12839,sequence,C
12840,sequence,G
12841,sequence,C
12842,sequence,A
12843,sequence,C
12844,sequence,G
12845,sequence,T
12846,sequence,T
12847,sequence,C
12848,sequence,G
12849,sequence,T
12850,sequence,G
12851,sequence,G
12852,sequence,G
12853,sequence,G
12854,sequence,A
12855,sequence,A
12856,sequence,C
12857,sequence,C
12858,sequence,T
12859,sequence,G
12860,sequence,G
12861,sequence,C
12862,sequence,G
12863,sequence,C
12864,sequence,T
12865,sequence,A
12866,sequence,A
12867,sequence,A
12868,sequence,C
12869,sequence,C
12870,sequence,A
12871,sequence,T
12872,sequence,T
12873,sequence,C
12874,sequence,G
12875,sequence,T
12876,sequence,A
12877,sequence,G
12878,sequence,A
12879,sequence,C
12880,sequence,G
12881,sequence,A
12882,sequence,C
12883,sequence,C
12884,sequence,T
12885,sequence,G
12886,sequence,C
12887,sequence,T
12888,sequence,T
12889,sequence,C
12890,sequence,T
12891,sequence,G
12892,sequence,G
12893,sequence,G
12894,sequence,T
12895,sequence,C
12896,sequence,G
12897,sequence,G
12898,sequence,G
12899,sequence,G
12900,sequence,T
12901,sequence,T
12902,sequence,T
12903,sequence,C
12904,sequence,G
12905,sequence,T
12906,sequence,A
12907,sequence,C
12908,sequence,G
12909,sequence,T
12910,sequence,A
12911,sequence,G
12912,sequence,C
12913,sequence,A
12914,sequence,G
12915,sequence,A
12916,sequence,G
12917,sequence,C
12918,sequence,A
12919,sequence,G
12920,sequence,C
12921,sequence,T
12922,sequence,C
12923,sequence,C
12924,sequence,C
12925,sequence,T
12926,sequence,C
12927,sequence,G
12928,sequence,C
12929,sequence,T
12930,sequence,G
12931,sequence,C
12932,sequence,G
12933,sequence,A
12934,sequence,T
12935,sequence,C
12936,sequence,T
12937,sequence,A
12938,sequence,T
12939,sequence,T
12940,sequence,G
12941,sequence,A
12942,sequence,A
12943,sequence,A
12944,sequence,G
12945,sequence,T
12946,sequence,C
12947,sequence,A
12948,sequence,G
12949,sequence,C
12950,sequence,C
12951,sequence,C
12952,sequence,T
12953,sequence,C
12954,sequence,G
12955,sequence,A
12956,sequence,C
12957,sequence,A
12958,sequence,C
12959,sequence,A
12960,sequence,A
12961,sequence,G
12962,sequence,G
12963,sequence,G
12964,sequence,T
12965,sequence,T
12966,sequence,T
12967,sequence,G
12968,sequence,T
12969,sequence,C
12970,sequence,C
12971,sequence,G
12972,sequence,C
12973,sequence,G
12974,sequence,C
12975,sequence,G
12976,sequence,C
12977,sequence,G
12978,sequence,C
12979,sequence,G
12980,sequence,T
12981,sequence,G
12982,sequence,C
12983,sequence,G
12984,sequence,T
12985,sequence,G
12986,sequence,C
12987,sequence,G
12988,sequence,G
12989,sequence,G
12990,sequence,G
12991,sequence,G
12992,sequence,G
12993,sequence,C
12994,sequence,C
12995,sequence,C
12996,sequence,G
12997,sequence,G
12998,sequence,CG
12999,sequence,G
13000,sequence,G
13001,sequence,G
13002,sequence,C
13003,sequence,G
13004,sequence,T
13005,sequence,G
13006,sequence,C
13007,sequence,G
13008,sequence,C
13009,sequence,G
13010,sequence,T
13011,sequence,C
13012,sequence,C
13013,sequence,G
13014,sequence,G
13015,sequence,C
13016,sequence,G
13017,sequence,C
13018,sequence,C
13019,sequence,G
13020,sequence,T
13021,sequence,C
13022,sequence,C
13023,sequence,G
13024,sequence,T
13025,sequence,C
13026,sequence,C
13027,sequence,T
13028,sequence,T
13029,sequence,C
13030,sequence,C
13031,sequence,G
13032,sequence,T
13033,sequence,T
13034,sequence,C
13035,sequence,G
13036,sequence,T
13037,sequence,C
13038,sequence,T
13039,sequence,T
13040,sequence,C
13041,sequence,C
13042,sequence,T
13043,sequence,C
13044,sequence,C
13045,sequence,C
13046,sequence,T
13047,sequence,C
13048,sequence,C
13049,sequence,C
13050,sequence,G
13051,sequence,G
13052,sequence,C
13053,sequence,C
13054,sequence,T
13055,sequence,C
13056,sequence,T
13057,sequence,C
13058,sequence,C
13059,sequence,C
13060,sequence,G
13061,sequence,C
13062,sequence,C
13063,sequence,G
13064,sequence,A
13065,sequence,C
13066,sequence,C
13067,sequence,G
13068,sequence,CG
13069,sequence,G
13070,sequence,G
13071,sequence,C
13072,sequence,G
13073,sequence,T
13074,sequence,G
13075,sequence,G
13076,sequence,T
13077,sequence,G
13078,sequence,G
13079,sequence,T
13080,sequence,G
13081,sequence,G
13082,sequence,G
13083,sequence,G
13084,sequence,G
13085,sequence,G
13086,sequence,G
13087,sequence,G
13088,sequence,G
13089,sequence,G
13090,sequence,G
13091,sequence,G
13092,sequence,A
13093,sequence,G
13094,sequence,G
13095,sequence,G
13096,sequence,C
13097,sequence,G
13098,sequence,C
13099,sequence,G
13100,sequence,C
13101,sequence,G
13102,sequence,A
13103,sequence,C
13104,sequence,C
13105,sequence,C
13106,sequence,C
13107,sequence,G
13108,sequence,G
13109,sequence,T
13110,sequence,C
13111,sequence,G
13112,sequence,G
13113,sequence,CG
13114,sequence,C
13115,sequence,G
13116,sequence,C
13117,sequence,C
13118,sequence,C
13119,sequence,C
13120,sequence,G
13121,sequence,C
13122,sequence,T
13123,sequence,T
13124,sequence,C
13125,sequence,T
13126,sequence,T
13127,sequence,C
13128,sequence,G
13129,sequence,G
13130,sequence,T
13131,sequence,T
13132,sequence,C
13133,sequence,C
13134,sequence,C
13135,sequence,G
13136,sequence,C
13137,sequence,C
13138,sequence,T
13139,sequence,C
13140,sequence,C
13141,sequence,T
13142,sequence,C
13143,sequence,C
13144,sequence,C
13145,sequence,C
13146,sequence,G
13147,sequence,T
13148,sequence,T
13149,sequence,C
13150,sequence,AC
13151,sequence,C
13152,sequence,G
13153,sequence,C
13154,sequence,C
13155,sequence,G
13156,sequence,G
13157,sequence,G
13158,sequence,G
13159,sequence,C
13160,sequence,G
13161,sequence,G
13162,sequence,C
13163,sequence,T
13164,sequence,C
13165,sequence,G
13166,sequence,T
13167,sequence,C
13168,sequence,C
13169,sequence,G
13170,sequence,C
13171,sequence,T
13172,sequence,C
13173,sequence,C
13174,sequence,G
13175,sequence,G
13176,sequence,G
13177,sequence,C
13178,sequence,C
13179,sequence,G
13180,sequence,G
13181,sequence,G
13182,sequence,A
13183,sequence,C
13184,sequence,G
13185,sequence,G
13186,sequence,G
13187,sequence,G
13188,sequence,T
13189,sequence,C
13190,sequence,C
13191,sequence,G
13192,sequence,G
13193,sequence,G
13194,sequence,G
13195,sequence,A
13196,sequence,G
13197,sequence,C
13198,sequence,G
13199,sequence,T
13200,sequence,G
13201,sequence,G
13202,sequence,T
13203,sequence,T
13204,sequence,T
13205,sequence,G
13206,sequence,G
13207,sequence,G
13208,sequence,A
13209,sequence,G
13210,sequence,C
13211,sequence,C
13212,sequence,G
13213,sequence,C
13214,sequence,G
13215,sequence,G
13216,sequence,A
13217,sequence,G
13218,sequence,G
13219,sequence,CG
13220,sequence,G
13221,sequence,C
13222,sequence,C
13223,sequence,G
13224,sequence,C
13225,sequence,G
13226,sequence,C
13227,sequence,C
13228,sequence,G
13229,sequence,A
13230,sequence,G
13231,sequence,C
13232,sequence,C
13233,sequence,G
13234,sequence,G
13235,sequence,G
13236,sequence,0
13237,sequence,C
13238,sequence,C
13239,sequence,C
13240,sequence,G
13241,sequence,T
13242,sequence,G
13243,sequence,G
13244,sequence,C
13245,sequence,C
13246,sequence,C
13247,sequence,G
13248,sequence,C
13249,sequence,C
13250,sequence,G
13251,sequence,G
13252,sequence,T
13253,sequence,C
13254,sequence,C
13255,sequence,C
13256,sequence,C
13257,sequence,G
13258,sequence,T
13259,sequence,C
13260,sequence,C
13261,sequence,C
13262,sequence,G
13263,sequence,G
13264,sequence,G
13265,sequence,G
13266,sequence,G
13267,sequence,T
13268,sequence,T
13269,sequence,G
13270,sequence,G
13271,sequence,C
13272,sequence,C
13273,sequence,G
13274,sequence,C
13275,sequence,G
13276,sequence,C
13277,sequence,G
13278,sequence,GGC
13279,sequence,C
13280,sequence,C
13281,sequence,C
13282,sequence,G
13283,sequence,G
13284,sequence,T
13285,sequence,G
13286,sequence,G
13287,sequence,G
13288,sequence,GC
13289,sequence,G
13290,sequence,G
13291,sequence,C
13292,sequence,C
13293,sequence,A
13294,sequence,C
13295,sequence,C
13296,sequence,C
13297,sequence,G
13298,sequence,G
13299,sequence,G
13300,sequence,G
13301,sequence,T
13302,sequence,C
13303,sequence,C
13304,sequence,C
13305,sequence,G
13306,sequence,G
13307,sequence,C
13308,sequence,C
13309,sequence,C
13310,sequence,T
13311,sequence,C
13312,sequence,G
13313,sequence,C
13314,sequence,G
